# Generated using make_ls_slab.py (elongated slab, small fix + global)
488 atoms
1.0 mass
grid_slab.txt 0 1.0 lsdem

Coords

1 -1.4433756729740645 -1.4433756729740645 -4.330127018922194
2 -1.4433756729740645 -1.4433756729740645 -3.3678765702728173
3 -1.4433756729740645 -1.4433756729740645 -2.405626121623441
4 -1.4433756729740645 -1.4433756729740645 -1.4433756729740645
5 -1.4433756729740645 -1.4433756729740645 -0.4811252243246882
6 -1.4433756729740645 -1.4433756729740645 0.4811252243246882
7 -1.4433756729740645 -1.4433756729740645 1.4433756729740645
8 -1.4433756729740645 -1.4433756729740645 2.405626121623441
9 -1.4433756729740645 -1.4433756729740645 3.3678765702728173
10 -1.4433756729740645 -1.4433756729740645 4.330127018922194
11 -1.4433756729740645 -1.1226255234242724 -4.330127018922194
12 -1.4433756729740645 -1.1226255234242724 -3.3678765702728173
13 -1.4433756729740645 -1.1226255234242724 -2.405626121623441
14 -1.4433756729740645 -1.1226255234242724 -1.4433756729740645
15 -1.4433756729740645 -1.1226255234242724 -0.4811252243246882
16 -1.4433756729740645 -1.1226255234242724 0.4811252243246882
17 -1.4433756729740645 -1.1226255234242724 1.4433756729740645
18 -1.4433756729740645 -1.1226255234242724 2.405626121623441
19 -1.4433756729740645 -1.1226255234242724 3.3678765702728173
20 -1.4433756729740645 -1.1226255234242724 4.330127018922194
21 -1.4433756729740645 -0.8018753738744803 -4.330127018922194
22 -1.4433756729740645 -0.8018753738744803 -3.3678765702728173
23 -1.4433756729740645 -0.8018753738744803 -2.405626121623441
24 -1.4433756729740645 -0.8018753738744803 -1.4433756729740645
25 -1.4433756729740645 -0.8018753738744803 -0.4811252243246882
26 -1.4433756729740645 -0.8018753738744803 0.4811252243246882
27 -1.4433756729740645 -0.8018753738744803 1.4433756729740645
28 -1.4433756729740645 -0.8018753738744803 2.405626121623441
29 -1.4433756729740645 -0.8018753738744803 3.3678765702728173
30 -1.4433756729740645 -0.8018753738744803 4.330127018922194
31 -1.4433756729740645 -0.4811252243246882 -4.330127018922194
32 -1.4433756729740645 -0.4811252243246882 -3.3678765702728173
33 -1.4433756729740645 -0.4811252243246882 -2.405626121623441
34 -1.4433756729740645 -0.4811252243246882 -1.4433756729740645
35 -1.4433756729740645 -0.4811252243246882 -0.4811252243246882
36 -1.4433756729740645 -0.4811252243246882 0.4811252243246882
37 -1.4433756729740645 -0.4811252243246882 1.4433756729740645
38 -1.4433756729740645 -0.4811252243246882 2.405626121623441
39 -1.4433756729740645 -0.4811252243246882 3.3678765702728173
40 -1.4433756729740645 -0.4811252243246882 4.330127018922194
41 -1.4433756729740645 -0.160375074774896 -4.330127018922194
42 -1.4433756729740645 -0.160375074774896 -3.3678765702728173
43 -1.4433756729740645 -0.160375074774896 -2.405626121623441
44 -1.4433756729740645 -0.160375074774896 -1.4433756729740645
45 -1.4433756729740645 -0.160375074774896 -0.4811252243246882
46 -1.4433756729740645 -0.160375074774896 0.4811252243246882
47 -1.4433756729740645 -0.160375074774896 1.4433756729740645
48 -1.4433756729740645 -0.160375074774896 2.405626121623441
49 -1.4433756729740645 -0.160375074774896 3.3678765702728173
50 -1.4433756729740645 -0.160375074774896 4.330127018922194
51 -1.4433756729740645 0.1603750747748962 -4.330127018922194
52 -1.4433756729740645 0.1603750747748962 -3.3678765702728173
53 -1.4433756729740645 0.1603750747748962 -2.405626121623441
54 -1.4433756729740645 0.1603750747748962 -1.4433756729740645
55 -1.4433756729740645 0.1603750747748962 -0.4811252243246882
56 -1.4433756729740645 0.1603750747748962 0.4811252243246882
57 -1.4433756729740645 0.1603750747748962 1.4433756729740645
58 -1.4433756729740645 0.1603750747748962 2.405626121623441
59 -1.4433756729740645 0.1603750747748962 3.3678765702728173
60 -1.4433756729740645 0.1603750747748962 4.330127018922194
61 -1.4433756729740645 0.4811252243246882 -4.330127018922194
62 -1.4433756729740645 0.4811252243246882 -3.3678765702728173
63 -1.4433756729740645 0.4811252243246882 -2.405626121623441
64 -1.4433756729740645 0.4811252243246882 -1.4433756729740645
65 -1.4433756729740645 0.4811252243246882 -0.4811252243246882
66 -1.4433756729740645 0.4811252243246882 0.4811252243246882
67 -1.4433756729740645 0.4811252243246882 1.4433756729740645
68 -1.4433756729740645 0.4811252243246882 2.405626121623441
69 -1.4433756729740645 0.4811252243246882 3.3678765702728173
70 -1.4433756729740645 0.4811252243246882 4.330127018922194
71 -1.4433756729740645 0.8018753738744806 -4.330127018922194
72 -1.4433756729740645 0.8018753738744806 -3.3678765702728173
73 -1.4433756729740645 0.8018753738744806 -2.405626121623441
74 -1.4433756729740645 0.8018753738744806 -1.4433756729740645
75 -1.4433756729740645 0.8018753738744806 -0.4811252243246882
76 -1.4433756729740645 0.8018753738744806 0.4811252243246882
77 -1.4433756729740645 0.8018753738744806 1.4433756729740645
78 -1.4433756729740645 0.8018753738744806 2.405626121623441
79 -1.4433756729740645 0.8018753738744806 3.3678765702728173
80 -1.4433756729740645 0.8018753738744806 4.330127018922194
81 -1.4433756729740645 1.1226255234242726 -4.330127018922194
82 -1.4433756729740645 1.1226255234242726 -3.3678765702728173
83 -1.4433756729740645 1.1226255234242726 -2.405626121623441
84 -1.4433756729740645 1.1226255234242726 -1.4433756729740645
85 -1.4433756729740645 1.1226255234242726 -0.4811252243246882
86 -1.4433756729740645 1.1226255234242726 0.4811252243246882
87 -1.4433756729740645 1.1226255234242726 1.4433756729740645
88 -1.4433756729740645 1.1226255234242726 2.405626121623441
89 -1.4433756729740645 1.1226255234242726 3.3678765702728173
90 -1.4433756729740645 1.1226255234242726 4.330127018922194
91 -1.4433756729740645 1.4433756729740645 -4.330127018922194
92 -1.4433756729740645 1.4433756729740645 -3.3678765702728173
93 -1.4433756729740645 1.4433756729740645 -2.405626121623441
94 -1.4433756729740645 1.4433756729740645 -1.4433756729740645
95 -1.4433756729740645 1.4433756729740645 -0.4811252243246882
96 -1.4433756729740645 1.4433756729740645 0.4811252243246882
97 -1.4433756729740645 1.4433756729740645 1.4433756729740645
98 -1.4433756729740645 1.4433756729740645 2.405626121623441
99 -1.4433756729740645 1.4433756729740645 3.3678765702728173
100 -1.4433756729740645 1.4433756729740645 4.330127018922194
101 -1.1226255234242724 -1.4433756729740645 -4.330127018922194
102 -1.1226255234242724 -1.4433756729740645 -3.3678765702728173
103 -1.1226255234242724 -1.4433756729740645 -2.405626121623441
104 -1.1226255234242724 -1.4433756729740645 -1.4433756729740645
105 -1.1226255234242724 -1.4433756729740645 -0.4811252243246882
106 -1.1226255234242724 -1.4433756729740645 0.4811252243246882
107 -1.1226255234242724 -1.4433756729740645 1.4433756729740645
108 -1.1226255234242724 -1.4433756729740645 2.405626121623441
109 -1.1226255234242724 -1.4433756729740645 3.3678765702728173
110 -1.1226255234242724 -1.4433756729740645 4.330127018922194
111 -1.1226255234242724 -1.1226255234242724 -4.330127018922194
112 -1.1226255234242724 -1.1226255234242724 4.330127018922194
113 -1.1226255234242724 -0.8018753738744803 -4.330127018922194
114 -1.1226255234242724 -0.8018753738744803 4.330127018922194
115 -1.1226255234242724 -0.4811252243246882 -4.330127018922194
116 -1.1226255234242724 -0.4811252243246882 4.330127018922194
117 -1.1226255234242724 -0.160375074774896 -4.330127018922194
118 -1.1226255234242724 -0.160375074774896 4.330127018922194
119 -1.1226255234242724 0.1603750747748962 -4.330127018922194
120 -1.1226255234242724 0.1603750747748962 4.330127018922194
121 -1.1226255234242724 0.4811252243246882 -4.330127018922194
122 -1.1226255234242724 0.4811252243246882 4.330127018922194
123 -1.1226255234242724 0.8018753738744806 -4.330127018922194
124 -1.1226255234242724 0.8018753738744806 4.330127018922194
125 -1.1226255234242724 1.1226255234242726 -4.330127018922194
126 -1.1226255234242724 1.1226255234242726 4.330127018922194
127 -1.1226255234242724 1.4433756729740645 -4.330127018922194
128 -1.1226255234242724 1.4433756729740645 -3.3678765702728173
129 -1.1226255234242724 1.4433756729740645 -2.405626121623441
130 -1.1226255234242724 1.4433756729740645 -1.4433756729740645
131 -1.1226255234242724 1.4433756729740645 -0.4811252243246882
132 -1.1226255234242724 1.4433756729740645 0.4811252243246882
133 -1.1226255234242724 1.4433756729740645 1.4433756729740645
134 -1.1226255234242724 1.4433756729740645 2.405626121623441
135 -1.1226255234242724 1.4433756729740645 3.3678765702728173
136 -1.1226255234242724 1.4433756729740645 4.330127018922194
137 -0.8018753738744803 -1.4433756729740645 -4.330127018922194
138 -0.8018753738744803 -1.4433756729740645 -3.3678765702728173
139 -0.8018753738744803 -1.4433756729740645 -2.405626121623441
140 -0.8018753738744803 -1.4433756729740645 -1.4433756729740645
141 -0.8018753738744803 -1.4433756729740645 -0.4811252243246882
142 -0.8018753738744803 -1.4433756729740645 0.4811252243246882
143 -0.8018753738744803 -1.4433756729740645 1.4433756729740645
144 -0.8018753738744803 -1.4433756729740645 2.405626121623441
145 -0.8018753738744803 -1.4433756729740645 3.3678765702728173
146 -0.8018753738744803 -1.4433756729740645 4.330127018922194
147 -0.8018753738744803 -1.1226255234242724 -4.330127018922194
148 -0.8018753738744803 -1.1226255234242724 4.330127018922194
149 -0.8018753738744803 -0.8018753738744803 -4.330127018922194
150 -0.8018753738744803 -0.8018753738744803 4.330127018922194
151 -0.8018753738744803 -0.4811252243246882 -4.330127018922194
152 -0.8018753738744803 -0.4811252243246882 4.330127018922194
153 -0.8018753738744803 -0.160375074774896 -4.330127018922194
154 -0.8018753738744803 -0.160375074774896 4.330127018922194
155 -0.8018753738744803 0.1603750747748962 -4.330127018922194
156 -0.8018753738744803 0.1603750747748962 4.330127018922194
157 -0.8018753738744803 0.4811252243246882 -4.330127018922194
158 -0.8018753738744803 0.4811252243246882 4.330127018922194
159 -0.8018753738744803 0.8018753738744806 -4.330127018922194
160 -0.8018753738744803 0.8018753738744806 4.330127018922194
161 -0.8018753738744803 1.1226255234242726 -4.330127018922194
162 -0.8018753738744803 1.1226255234242726 4.330127018922194
163 -0.8018753738744803 1.4433756729740645 -4.330127018922194
164 -0.8018753738744803 1.4433756729740645 -3.3678765702728173
165 -0.8018753738744803 1.4433756729740645 -2.405626121623441
166 -0.8018753738744803 1.4433756729740645 -1.4433756729740645
167 -0.8018753738744803 1.4433756729740645 -0.4811252243246882
168 -0.8018753738744803 1.4433756729740645 0.4811252243246882
169 -0.8018753738744803 1.4433756729740645 1.4433756729740645
170 -0.8018753738744803 1.4433756729740645 2.405626121623441
171 -0.8018753738744803 1.4433756729740645 3.3678765702728173
172 -0.8018753738744803 1.4433756729740645 4.330127018922194
173 -0.4811252243246882 -1.4433756729740645 -4.330127018922194
174 -0.4811252243246882 -1.4433756729740645 -3.3678765702728173
175 -0.4811252243246882 -1.4433756729740645 -2.405626121623441
176 -0.4811252243246882 -1.4433756729740645 -1.4433756729740645
177 -0.4811252243246882 -1.4433756729740645 -0.4811252243246882
178 -0.4811252243246882 -1.4433756729740645 0.4811252243246882
179 -0.4811252243246882 -1.4433756729740645 1.4433756729740645
180 -0.4811252243246882 -1.4433756729740645 2.405626121623441
181 -0.4811252243246882 -1.4433756729740645 3.3678765702728173
182 -0.4811252243246882 -1.4433756729740645 4.330127018922194
183 -0.4811252243246882 -1.1226255234242724 -4.330127018922194
184 -0.4811252243246882 -1.1226255234242724 4.330127018922194
185 -0.4811252243246882 -0.8018753738744803 -4.330127018922194
186 -0.4811252243246882 -0.8018753738744803 4.330127018922194
187 -0.4811252243246882 -0.4811252243246882 -4.330127018922194
188 -0.4811252243246882 -0.4811252243246882 4.330127018922194
189 -0.4811252243246882 -0.160375074774896 -4.330127018922194
190 -0.4811252243246882 -0.160375074774896 4.330127018922194
191 -0.4811252243246882 0.1603750747748962 -4.330127018922194
192 -0.4811252243246882 0.1603750747748962 4.330127018922194
193 -0.4811252243246882 0.4811252243246882 -4.330127018922194
194 -0.4811252243246882 0.4811252243246882 4.330127018922194
195 -0.4811252243246882 0.8018753738744806 -4.330127018922194
196 -0.4811252243246882 0.8018753738744806 4.330127018922194
197 -0.4811252243246882 1.1226255234242726 -4.330127018922194
198 -0.4811252243246882 1.1226255234242726 4.330127018922194
199 -0.4811252243246882 1.4433756729740645 -4.330127018922194
200 -0.4811252243246882 1.4433756729740645 -3.3678765702728173
201 -0.4811252243246882 1.4433756729740645 -2.405626121623441
202 -0.4811252243246882 1.4433756729740645 -1.4433756729740645
203 -0.4811252243246882 1.4433756729740645 -0.4811252243246882
204 -0.4811252243246882 1.4433756729740645 0.4811252243246882
205 -0.4811252243246882 1.4433756729740645 1.4433756729740645
206 -0.4811252243246882 1.4433756729740645 2.405626121623441
207 -0.4811252243246882 1.4433756729740645 3.3678765702728173
208 -0.4811252243246882 1.4433756729740645 4.330127018922194
209 -0.160375074774896 -1.4433756729740645 -4.330127018922194
210 -0.160375074774896 -1.4433756729740645 -3.3678765702728173
211 -0.160375074774896 -1.4433756729740645 -2.405626121623441
212 -0.160375074774896 -1.4433756729740645 -1.4433756729740645
213 -0.160375074774896 -1.4433756729740645 -0.4811252243246882
214 -0.160375074774896 -1.4433756729740645 0.4811252243246882
215 -0.160375074774896 -1.4433756729740645 1.4433756729740645
216 -0.160375074774896 -1.4433756729740645 2.405626121623441
217 -0.160375074774896 -1.4433756729740645 3.3678765702728173
218 -0.160375074774896 -1.4433756729740645 4.330127018922194
219 -0.160375074774896 -1.1226255234242724 -4.330127018922194
220 -0.160375074774896 -1.1226255234242724 4.330127018922194
221 -0.160375074774896 -0.8018753738744803 -4.330127018922194
222 -0.160375074774896 -0.8018753738744803 4.330127018922194
223 -0.160375074774896 -0.4811252243246882 -4.330127018922194
224 -0.160375074774896 -0.4811252243246882 4.330127018922194
225 -0.160375074774896 -0.160375074774896 -4.330127018922194
226 -0.160375074774896 -0.160375074774896 4.330127018922194
227 -0.160375074774896 0.1603750747748962 -4.330127018922194
228 -0.160375074774896 0.1603750747748962 4.330127018922194
229 -0.160375074774896 0.4811252243246882 -4.330127018922194
230 -0.160375074774896 0.4811252243246882 4.330127018922194
231 -0.160375074774896 0.8018753738744806 -4.330127018922194
232 -0.160375074774896 0.8018753738744806 4.330127018922194
233 -0.160375074774896 1.1226255234242726 -4.330127018922194
234 -0.160375074774896 1.1226255234242726 4.330127018922194
235 -0.160375074774896 1.4433756729740645 -4.330127018922194
236 -0.160375074774896 1.4433756729740645 -3.3678765702728173
237 -0.160375074774896 1.4433756729740645 -2.405626121623441
238 -0.160375074774896 1.4433756729740645 -1.4433756729740645
239 -0.160375074774896 1.4433756729740645 -0.4811252243246882
240 -0.160375074774896 1.4433756729740645 0.4811252243246882
241 -0.160375074774896 1.4433756729740645 1.4433756729740645
242 -0.160375074774896 1.4433756729740645 2.405626121623441
243 -0.160375074774896 1.4433756729740645 3.3678765702728173
244 -0.160375074774896 1.4433756729740645 4.330127018922194
245 0.1603750747748962 -1.4433756729740645 -4.330127018922194
246 0.1603750747748962 -1.4433756729740645 -3.3678765702728173
247 0.1603750747748962 -1.4433756729740645 -2.405626121623441
248 0.1603750747748962 -1.4433756729740645 -1.4433756729740645
249 0.1603750747748962 -1.4433756729740645 -0.4811252243246882
250 0.1603750747748962 -1.4433756729740645 0.4811252243246882
251 0.1603750747748962 -1.4433756729740645 1.4433756729740645
252 0.1603750747748962 -1.4433756729740645 2.405626121623441
253 0.1603750747748962 -1.4433756729740645 3.3678765702728173
254 0.1603750747748962 -1.4433756729740645 4.330127018922194
255 0.1603750747748962 -1.1226255234242724 -4.330127018922194
256 0.1603750747748962 -1.1226255234242724 4.330127018922194
257 0.1603750747748962 -0.8018753738744803 -4.330127018922194
258 0.1603750747748962 -0.8018753738744803 4.330127018922194
259 0.1603750747748962 -0.4811252243246882 -4.330127018922194
260 0.1603750747748962 -0.4811252243246882 4.330127018922194
261 0.1603750747748962 -0.160375074774896 -4.330127018922194
262 0.1603750747748962 -0.160375074774896 4.330127018922194
263 0.1603750747748962 0.1603750747748962 -4.330127018922194
264 0.1603750747748962 0.1603750747748962 4.330127018922194
265 0.1603750747748962 0.4811252243246882 -4.330127018922194
266 0.1603750747748962 0.4811252243246882 4.330127018922194
267 0.1603750747748962 0.8018753738744806 -4.330127018922194
268 0.1603750747748962 0.8018753738744806 4.330127018922194
269 0.1603750747748962 1.1226255234242726 -4.330127018922194
270 0.1603750747748962 1.1226255234242726 4.330127018922194
271 0.1603750747748962 1.4433756729740645 -4.330127018922194
272 0.1603750747748962 1.4433756729740645 -3.3678765702728173
273 0.1603750747748962 1.4433756729740645 -2.405626121623441
274 0.1603750747748962 1.4433756729740645 -1.4433756729740645
275 0.1603750747748962 1.4433756729740645 -0.4811252243246882
276 0.1603750747748962 1.4433756729740645 0.4811252243246882
277 0.1603750747748962 1.4433756729740645 1.4433756729740645
278 0.1603750747748962 1.4433756729740645 2.405626121623441
279 0.1603750747748962 1.4433756729740645 3.3678765702728173
280 0.1603750747748962 1.4433756729740645 4.330127018922194
281 0.4811252243246882 -1.4433756729740645 -4.330127018922194
282 0.4811252243246882 -1.4433756729740645 -3.3678765702728173
283 0.4811252243246882 -1.4433756729740645 -2.405626121623441
284 0.4811252243246882 -1.4433756729740645 -1.4433756729740645
285 0.4811252243246882 -1.4433756729740645 -0.4811252243246882
286 0.4811252243246882 -1.4433756729740645 0.4811252243246882
287 0.4811252243246882 -1.4433756729740645 1.4433756729740645
288 0.4811252243246882 -1.4433756729740645 2.405626121623441
289 0.4811252243246882 -1.4433756729740645 3.3678765702728173
290 0.4811252243246882 -1.4433756729740645 4.330127018922194
291 0.4811252243246882 -1.1226255234242724 -4.330127018922194
292 0.4811252243246882 -1.1226255234242724 4.330127018922194
293 0.4811252243246882 -0.8018753738744803 -4.330127018922194
294 0.4811252243246882 -0.8018753738744803 4.330127018922194
295 0.4811252243246882 -0.4811252243246882 -4.330127018922194
296 0.4811252243246882 -0.4811252243246882 4.330127018922194
297 0.4811252243246882 -0.160375074774896 -4.330127018922194
298 0.4811252243246882 -0.160375074774896 4.330127018922194
299 0.4811252243246882 0.1603750747748962 -4.330127018922194
300 0.4811252243246882 0.1603750747748962 4.330127018922194
301 0.4811252243246882 0.4811252243246882 -4.330127018922194
302 0.4811252243246882 0.4811252243246882 4.330127018922194
303 0.4811252243246882 0.8018753738744806 -4.330127018922194
304 0.4811252243246882 0.8018753738744806 4.330127018922194
305 0.4811252243246882 1.1226255234242726 -4.330127018922194
306 0.4811252243246882 1.1226255234242726 4.330127018922194
307 0.4811252243246882 1.4433756729740645 -4.330127018922194
308 0.4811252243246882 1.4433756729740645 -3.3678765702728173
309 0.4811252243246882 1.4433756729740645 -2.405626121623441
310 0.4811252243246882 1.4433756729740645 -1.4433756729740645
311 0.4811252243246882 1.4433756729740645 -0.4811252243246882
312 0.4811252243246882 1.4433756729740645 0.4811252243246882
313 0.4811252243246882 1.4433756729740645 1.4433756729740645
314 0.4811252243246882 1.4433756729740645 2.405626121623441
315 0.4811252243246882 1.4433756729740645 3.3678765702728173
316 0.4811252243246882 1.4433756729740645 4.330127018922194
317 0.8018753738744806 -1.4433756729740645 -4.330127018922194
318 0.8018753738744806 -1.4433756729740645 -3.3678765702728173
319 0.8018753738744806 -1.4433756729740645 -2.405626121623441
320 0.8018753738744806 -1.4433756729740645 -1.4433756729740645
321 0.8018753738744806 -1.4433756729740645 -0.4811252243246882
322 0.8018753738744806 -1.4433756729740645 0.4811252243246882
323 0.8018753738744806 -1.4433756729740645 1.4433756729740645
324 0.8018753738744806 -1.4433756729740645 2.405626121623441
325 0.8018753738744806 -1.4433756729740645 3.3678765702728173
326 0.8018753738744806 -1.4433756729740645 4.330127018922194
327 0.8018753738744806 -1.1226255234242724 -4.330127018922194
328 0.8018753738744806 -1.1226255234242724 4.330127018922194
329 0.8018753738744806 -0.8018753738744803 -4.330127018922194
330 0.8018753738744806 -0.8018753738744803 4.330127018922194
331 0.8018753738744806 -0.4811252243246882 -4.330127018922194
332 0.8018753738744806 -0.4811252243246882 4.330127018922194
333 0.8018753738744806 -0.160375074774896 -4.330127018922194
334 0.8018753738744806 -0.160375074774896 4.330127018922194
335 0.8018753738744806 0.1603750747748962 -4.330127018922194
336 0.8018753738744806 0.1603750747748962 4.330127018922194
337 0.8018753738744806 0.4811252243246882 -4.330127018922194
338 0.8018753738744806 0.4811252243246882 4.330127018922194
339 0.8018753738744806 0.8018753738744806 -4.330127018922194
340 0.8018753738744806 0.8018753738744806 4.330127018922194
341 0.8018753738744806 1.1226255234242726 -4.330127018922194
342 0.8018753738744806 1.1226255234242726 4.330127018922194
343 0.8018753738744806 1.4433756729740645 -4.330127018922194
344 0.8018753738744806 1.4433756729740645 -3.3678765702728173
345 0.8018753738744806 1.4433756729740645 -2.405626121623441
346 0.8018753738744806 1.4433756729740645 -1.4433756729740645
347 0.8018753738744806 1.4433756729740645 -0.4811252243246882
348 0.8018753738744806 1.4433756729740645 0.4811252243246882
349 0.8018753738744806 1.4433756729740645 1.4433756729740645
350 0.8018753738744806 1.4433756729740645 2.405626121623441
351 0.8018753738744806 1.4433756729740645 3.3678765702728173
352 0.8018753738744806 1.4433756729740645 4.330127018922194
353 1.1226255234242726 -1.4433756729740645 -4.330127018922194
354 1.1226255234242726 -1.4433756729740645 -3.3678765702728173
355 1.1226255234242726 -1.4433756729740645 -2.405626121623441
356 1.1226255234242726 -1.4433756729740645 -1.4433756729740645
357 1.1226255234242726 -1.4433756729740645 -0.4811252243246882
358 1.1226255234242726 -1.4433756729740645 0.4811252243246882
359 1.1226255234242726 -1.4433756729740645 1.4433756729740645
360 1.1226255234242726 -1.4433756729740645 2.405626121623441
361 1.1226255234242726 -1.4433756729740645 3.3678765702728173
362 1.1226255234242726 -1.4433756729740645 4.330127018922194
363 1.1226255234242726 -1.1226255234242724 -4.330127018922194
364 1.1226255234242726 -1.1226255234242724 4.330127018922194
365 1.1226255234242726 -0.8018753738744803 -4.330127018922194
366 1.1226255234242726 -0.8018753738744803 4.330127018922194
367 1.1226255234242726 -0.4811252243246882 -4.330127018922194
368 1.1226255234242726 -0.4811252243246882 4.330127018922194
369 1.1226255234242726 -0.160375074774896 -4.330127018922194
370 1.1226255234242726 -0.160375074774896 4.330127018922194
371 1.1226255234242726 0.1603750747748962 -4.330127018922194
372 1.1226255234242726 0.1603750747748962 4.330127018922194
373 1.1226255234242726 0.4811252243246882 -4.330127018922194
374 1.1226255234242726 0.4811252243246882 4.330127018922194
375 1.1226255234242726 0.8018753738744806 -4.330127018922194
376 1.1226255234242726 0.8018753738744806 4.330127018922194
377 1.1226255234242726 1.1226255234242726 -4.330127018922194
378 1.1226255234242726 1.1226255234242726 4.330127018922194
379 1.1226255234242726 1.4433756729740645 -4.330127018922194
380 1.1226255234242726 1.4433756729740645 -3.3678765702728173
381 1.1226255234242726 1.4433756729740645 -2.405626121623441
382 1.1226255234242726 1.4433756729740645 -1.4433756729740645
383 1.1226255234242726 1.4433756729740645 -0.4811252243246882
384 1.1226255234242726 1.4433756729740645 0.4811252243246882
385 1.1226255234242726 1.4433756729740645 1.4433756729740645
386 1.1226255234242726 1.4433756729740645 2.405626121623441
387 1.1226255234242726 1.4433756729740645 3.3678765702728173
388 1.1226255234242726 1.4433756729740645 4.330127018922194
389 1.4433756729740645 -1.4433756729740645 -4.330127018922194
390 1.4433756729740645 -1.4433756729740645 -3.3678765702728173
391 1.4433756729740645 -1.4433756729740645 -2.405626121623441
392 1.4433756729740645 -1.4433756729740645 -1.4433756729740645
393 1.4433756729740645 -1.4433756729740645 -0.4811252243246882
394 1.4433756729740645 -1.4433756729740645 0.4811252243246882
395 1.4433756729740645 -1.4433756729740645 1.4433756729740645
396 1.4433756729740645 -1.4433756729740645 2.405626121623441
397 1.4433756729740645 -1.4433756729740645 3.3678765702728173
398 1.4433756729740645 -1.4433756729740645 4.330127018922194
399 1.4433756729740645 -1.1226255234242724 -4.330127018922194
400 1.4433756729740645 -1.1226255234242724 -3.3678765702728173
401 1.4433756729740645 -1.1226255234242724 -2.405626121623441
402 1.4433756729740645 -1.1226255234242724 -1.4433756729740645
403 1.4433756729740645 -1.1226255234242724 -0.4811252243246882
404 1.4433756729740645 -1.1226255234242724 0.4811252243246882
405 1.4433756729740645 -1.1226255234242724 1.4433756729740645
406 1.4433756729740645 -1.1226255234242724 2.405626121623441
407 1.4433756729740645 -1.1226255234242724 3.3678765702728173
408 1.4433756729740645 -1.1226255234242724 4.330127018922194
409 1.4433756729740645 -0.8018753738744803 -4.330127018922194
410 1.4433756729740645 -0.8018753738744803 -3.3678765702728173
411 1.4433756729740645 -0.8018753738744803 -2.405626121623441
412 1.4433756729740645 -0.8018753738744803 -1.4433756729740645
413 1.4433756729740645 -0.8018753738744803 -0.4811252243246882
414 1.4433756729740645 -0.8018753738744803 0.4811252243246882
415 1.4433756729740645 -0.8018753738744803 1.4433756729740645
416 1.4433756729740645 -0.8018753738744803 2.405626121623441
417 1.4433756729740645 -0.8018753738744803 3.3678765702728173
418 1.4433756729740645 -0.8018753738744803 4.330127018922194
419 1.4433756729740645 -0.4811252243246882 -4.330127018922194
420 1.4433756729740645 -0.4811252243246882 -3.3678765702728173
421 1.4433756729740645 -0.4811252243246882 -2.405626121623441
422 1.4433756729740645 -0.4811252243246882 -1.4433756729740645
423 1.4433756729740645 -0.4811252243246882 -0.4811252243246882
424 1.4433756729740645 -0.4811252243246882 0.4811252243246882
425 1.4433756729740645 -0.4811252243246882 1.4433756729740645
426 1.4433756729740645 -0.4811252243246882 2.405626121623441
427 1.4433756729740645 -0.4811252243246882 3.3678765702728173
428 1.4433756729740645 -0.4811252243246882 4.330127018922194
429 1.4433756729740645 -0.160375074774896 -4.330127018922194
430 1.4433756729740645 -0.160375074774896 -3.3678765702728173
431 1.4433756729740645 -0.160375074774896 -2.405626121623441
432 1.4433756729740645 -0.160375074774896 -1.4433756729740645
433 1.4433756729740645 -0.160375074774896 -0.4811252243246882
434 1.4433756729740645 -0.160375074774896 0.4811252243246882
435 1.4433756729740645 -0.160375074774896 1.4433756729740645
436 1.4433756729740645 -0.160375074774896 2.405626121623441
437 1.4433756729740645 -0.160375074774896 3.3678765702728173
438 1.4433756729740645 -0.160375074774896 4.330127018922194
439 1.4433756729740645 0.1603750747748962 -4.330127018922194
440 1.4433756729740645 0.1603750747748962 -3.3678765702728173
441 1.4433756729740645 0.1603750747748962 -2.405626121623441
442 1.4433756729740645 0.1603750747748962 -1.4433756729740645
443 1.4433756729740645 0.1603750747748962 -0.4811252243246882
444 1.4433756729740645 0.1603750747748962 0.4811252243246882
445 1.4433756729740645 0.1603750747748962 1.4433756729740645
446 1.4433756729740645 0.1603750747748962 2.405626121623441
447 1.4433756729740645 0.1603750747748962 3.3678765702728173
448 1.4433756729740645 0.1603750747748962 4.330127018922194
449 1.4433756729740645 0.4811252243246882 -4.330127018922194
450 1.4433756729740645 0.4811252243246882 -3.3678765702728173
451 1.4433756729740645 0.4811252243246882 -2.405626121623441
452 1.4433756729740645 0.4811252243246882 -1.4433756729740645
453 1.4433756729740645 0.4811252243246882 -0.4811252243246882
454 1.4433756729740645 0.4811252243246882 0.4811252243246882
455 1.4433756729740645 0.4811252243246882 1.4433756729740645
456 1.4433756729740645 0.4811252243246882 2.405626121623441
457 1.4433756729740645 0.4811252243246882 3.3678765702728173
458 1.4433756729740645 0.4811252243246882 4.330127018922194
459 1.4433756729740645 0.8018753738744806 -4.330127018922194
460 1.4433756729740645 0.8018753738744806 -3.3678765702728173
461 1.4433756729740645 0.8018753738744806 -2.405626121623441
462 1.4433756729740645 0.8018753738744806 -1.4433756729740645
463 1.4433756729740645 0.8018753738744806 -0.4811252243246882
464 1.4433756729740645 0.8018753738744806 0.4811252243246882
465 1.4433756729740645 0.8018753738744806 1.4433756729740645
466 1.4433756729740645 0.8018753738744806 2.405626121623441
467 1.4433756729740645 0.8018753738744806 3.3678765702728173
468 1.4433756729740645 0.8018753738744806 4.330127018922194
469 1.4433756729740645 1.1226255234242726 -4.330127018922194
470 1.4433756729740645 1.1226255234242726 -3.3678765702728173
471 1.4433756729740645 1.1226255234242726 -2.405626121623441
472 1.4433756729740645 1.1226255234242726 -1.4433756729740645
473 1.4433756729740645 1.1226255234242726 -0.4811252243246882
474 1.4433756729740645 1.1226255234242726 0.4811252243246882
475 1.4433756729740645 1.1226255234242726 1.4433756729740645
476 1.4433756729740645 1.1226255234242726 2.405626121623441
477 1.4433756729740645 1.1226255234242726 3.3678765702728173
478 1.4433756729740645 1.1226255234242726 4.330127018922194
479 1.4433756729740645 1.4433756729740645 -4.330127018922194
480 1.4433756729740645 1.4433756729740645 -3.3678765702728173
481 1.4433756729740645 1.4433756729740645 -2.405626121623441
482 1.4433756729740645 1.4433756729740645 -1.4433756729740645
483 1.4433756729740645 1.4433756729740645 -0.4811252243246882
484 1.4433756729740645 1.4433756729740645 0.4811252243246882
485 1.4433756729740645 1.4433756729740645 1.4433756729740645
486 1.4433756729740645 1.4433756729740645 2.405626121623441
487 1.4433756729740645 1.4433756729740645 3.3678765702728173
488 1.4433756729740645 1.4433756729740645 4.330127018922194

Types

1 1
2 1
3 1
4 1
5 1
6 1
7 1
8 1
9 1
10 1
11 1
12 1
13 1
14 1
15 1
16 1
17 1
18 1
19 1
20 1
21 1
22 1
23 1
24 1
25 1
26 1
27 1
28 1
29 1
30 1
31 1
32 1
33 1
34 1
35 1
36 1
37 1
38 1
39 1
40 1
41 1
42 1
43 1
44 1
45 1
46 1
47 1
48 1
49 1
50 1
51 1
52 1
53 1
54 1
55 1
56 1
57 1
58 1
59 1
60 1
61 1
62 1
63 1
64 1
65 1
66 1
67 1
68 1
69 1
70 1
71 1
72 1
73 1
74 1
75 1
76 1
77 1
78 1
79 1
80 1
81 1
82 1
83 1
84 1
85 1
86 1
87 1
88 1
89 1
90 1
91 1
92 1
93 1
94 1
95 1
96 1
97 1
98 1
99 1
100 1
101 1
102 1
103 1
104 1
105 1
106 1
107 1
108 1
109 1
110 1
111 1
112 1
113 1
114 1
115 1
116 1
117 1
118 1
119 1
120 1
121 1
122 1
123 1
124 1
125 1
126 1
127 1
128 1
129 1
130 1
131 1
132 1
133 1
134 1
135 1
136 1
137 1
138 1
139 1
140 1
141 1
142 1
143 1
144 1
145 1
146 1
147 1
148 1
149 1
150 1
151 1
152 1
153 1
154 1
155 1
156 1
157 1
158 1
159 1
160 1
161 1
162 1
163 1
164 1
165 1
166 1
167 1
168 1
169 1
170 1
171 1
172 1
173 1
174 1
175 1
176 1
177 1
178 1
179 1
180 1
181 1
182 1
183 1
184 1
185 1
186 1
187 1
188 1
189 1
190 1
191 1
192 1
193 1
194 1
195 1
196 1
197 1
198 1
199 1
200 1
201 1
202 1
203 1
204 1
205 1
206 1
207 1
208 1
209 1
210 1
211 1
212 1
213 1
214 1
215 1
216 1
217 1
218 1
219 1
220 1
221 1
222 1
223 1
224 1
225 1
226 1
227 1
228 1
229 1
230 1
231 1
232 1
233 1
234 1
235 1
236 1
237 1
238 1
239 1
240 1
241 1
242 1
243 1
244 1
245 1
246 1
247 1
248 1
249 1
250 1
251 1
252 1
253 1
254 1
255 1
256 1
257 1
258 1
259 1
260 1
261 1
262 1
263 1
264 1
265 1
266 1
267 1
268 1
269 1
270 1
271 1
272 1
273 1
274 1
275 1
276 1
277 1
278 1
279 1
280 1
281 1
282 1
283 1
284 1
285 1
286 1
287 1
288 1
289 1
290 1
291 1
292 1
293 1
294 1
295 1
296 1
297 1
298 1
299 1
300 1
301 1
302 1
303 1
304 1
305 1
306 1
307 1
308 1
309 1
310 1
311 1
312 1
313 1
314 1
315 1
316 1
317 1
318 1
319 1
320 1
321 1
322 1
323 1
324 1
325 1
326 1
327 1
328 1
329 1
330 1
331 1
332 1
333 1
334 1
335 1
336 1
337 1
338 1
339 1
340 1
341 1
342 1
343 1
344 1
345 1
346 1
347 1
348 1
349 1
350 1
351 1
352 1
353 1
354 1
355 1
356 1
357 1
358 1
359 1
360 1
361 1
362 1
363 1
364 1
365 1
366 1
367 1
368 1
369 1
370 1
371 1
372 1
373 1
374 1
375 1
376 1
377 1
378 1
379 1
380 1
381 1
382 1
383 1
384 1
385 1
386 1
387 1
388 1
389 1
390 1
391 1
392 1
393 1
394 1
395 1
396 1
397 1
398 1
399 1
400 1
401 1
402 1
403 1
404 1
405 1
406 1
407 1
408 1
409 1
410 1
411 1
412 1
413 1
414 1
415 1
416 1
417 1
418 1
419 1
420 1
421 1
422 1
423 1
424 1
425 1
426 1
427 1
428 1
429 1
430 1
431 1
432 1
433 1
434 1
435 1
436 1
437 1
438 1
439 1
440 1
441 1
442 1
443 1
444 1
445 1
446 1
447 1
448 1
449 1
450 1
451 1
452 1
453 1
454 1
455 1
456 1
457 1
458 1
459 1
460 1
461 1
462 1
463 1
464 1
465 1
466 1
467 1
468 1
469 1
470 1
471 1
472 1
473 1
474 1
475 1
476 1
477 1
478 1
479 1
480 1
481 1
482 1
483 1
484 1
485 1
486 1
487 1
488 1
