# Follow setting in FCC test van der Haven et al. (2023). Masstotal is 18.0955736847, i.e. radius 0.12 and density 2500.
# COM position must be perfectly consistent with atoms created independently in data / molecule file and input file
# Values used here follow hardcoded values in Joel's demo. Need general pre-processing to keep it all together
# Inertia values for sphere are I_ii = (2/5)MR^2 = 0.10423050442 and I_ij = 0.
# ID1 masstotal xcm ycm zcm ixx iyy izz ixy ixz iyz vxcm vycm vzcm lx ly lz ixcm iycm izcm memoryflag scale gridfile
256
1 18.0955736847 0.000000 0.000000 0.000000 0.10423050442 0.10423050442 0.10423050442 0.0 0.0 0.0 0.0 0.0 0.0 0.0 0.0 0.0 0 0 0 0 1.0 grid_sphere.txt
2 18.0955736847 0.000000 0.000000 0.339411 0.10423050442 0.10423050442 0.10423050442 0.0 0.0 0.0 0.0 0.0 0.0 0.0 0.0 0.0 0 0 0 0 1.0 grid_sphere.txt
3 18.0955736847 0.000000 0.000000 0.678823 0.10423050442 0.10423050442 0.10423050442 0.0 0.0 0.0 0.0 0.0 0.0 0.0 0.0 0.0 0 0 0 0 1.0 grid_sphere.txt
4 18.0955736847 0.000000 0.000000 1.018234 0.10423050442 0.10423050442 0.10423050442 0.0 0.0 0.0 0.0 0.0 0.0 0.0 0.0 0.0 0 0 0 0 1.0 grid_sphere.txt
5 18.0955736847 0.000000 0.339411 0.000000 0.10423050442 0.10423050442 0.10423050442 0.0 0.0 0.0 0.0 0.0 0.0 0.0 0.0 0.0 0 0 0 0 1.0 grid_sphere.txt
6 18.0955736847 0.000000 0.339411 0.339411 0.10423050442 0.10423050442 0.10423050442 0.0 0.0 0.0 0.0 0.0 0.0 0.0 0.0 0.0 0 0 0 0 1.0 grid_sphere.txt
7 18.0955736847 0.000000 0.339411 0.678823 0.10423050442 0.10423050442 0.10423050442 0.0 0.0 0.0 0.0 0.0 0.0 0.0 0.0 0.0 0 0 0 0 1.0 grid_sphere.txt
8 18.0955736847 0.000000 0.339411 1.018234 0.10423050442 0.10423050442 0.10423050442 0.0 0.0 0.0 0.0 0.0 0.0 0.0 0.0 0.0 0 0 0 0 1.0 grid_sphere.txt
9 18.0955736847 0.000000 0.678823 0.000000 0.10423050442 0.10423050442 0.10423050442 0.0 0.0 0.0 0.0 0.0 0.0 0.0 0.0 0.0 0 0 0 0 1.0 grid_sphere.txt
10 18.0955736847 0.000000 0.678823 0.339411 0.10423050442 0.10423050442 0.10423050442 0.0 0.0 0.0 0.0 0.0 0.0 0.0 0.0 0.0 0 0 0 0 1.0 grid_sphere.txt
11 18.0955736847 0.000000 0.678823 0.678823 0.10423050442 0.10423050442 0.10423050442 0.0 0.0 0.0 0.0 0.0 0.0 0.0 0.0 0.0 0 0 0 0 1.0 grid_sphere.txt
12 18.0955736847 0.000000 0.678823 1.018234 0.10423050442 0.10423050442 0.10423050442 0.0 0.0 0.0 0.0 0.0 0.0 0.0 0.0 0.0 0 0 0 0 1.0 grid_sphere.txt
13 18.0955736847 0.000000 1.018234 0.000000 0.10423050442 0.10423050442 0.10423050442 0.0 0.0 0.0 0.0 0.0 0.0 0.0 0.0 0.0 0 0 0 0 1.0 grid_sphere.txt
14 18.0955736847 0.000000 1.018234 0.339411 0.10423050442 0.10423050442 0.10423050442 0.0 0.0 0.0 0.0 0.0 0.0 0.0 0.0 0.0 0 0 0 0 1.0 grid_sphere.txt
15 18.0955736847 0.000000 1.018234 0.678823 0.10423050442 0.10423050442 0.10423050442 0.0 0.0 0.0 0.0 0.0 0.0 0.0 0.0 0.0 0 0 0 0 1.0 grid_sphere.txt
16 18.0955736847 0.000000 1.018234 1.018234 0.10423050442 0.10423050442 0.10423050442 0.0 0.0 0.0 0.0 0.0 0.0 0.0 0.0 0.0 0 0 0 0 1.0 grid_sphere.txt
17 18.0955736847 0.339411 0.000000 0.000000 0.10423050442 0.10423050442 0.10423050442 0.0 0.0 0.0 0.0 0.0 0.0 0.0 0.0 0.0 0 0 0 0 1.0 grid_sphere.txt
18 18.0955736847 0.339411 0.000000 0.339411 0.10423050442 0.10423050442 0.10423050442 0.0 0.0 0.0 0.0 0.0 0.0 0.0 0.0 0.0 0 0 0 0 1.0 grid_sphere.txt
19 18.0955736847 0.339411 0.000000 0.678823 0.10423050442 0.10423050442 0.10423050442 0.0 0.0 0.0 0.0 0.0 0.0 0.0 0.0 0.0 0 0 0 0 1.0 grid_sphere.txt
20 18.0955736847 0.339411 0.000000 1.018234 0.10423050442 0.10423050442 0.10423050442 0.0 0.0 0.0 0.0 0.0 0.0 0.0 0.0 0.0 0 0 0 0 1.0 grid_sphere.txt
21 18.0955736847 0.339411 0.339411 0.000000 0.10423050442 0.10423050442 0.10423050442 0.0 0.0 0.0 0.0 0.0 0.0 0.0 0.0 0.0 0 0 0 0 1.0 grid_sphere.txt
22 18.0955736847 0.339411 0.339411 0.339411 0.10423050442 0.10423050442 0.10423050442 0.0 0.0 0.0 0.0 0.0 0.0 0.0 0.0 0.0 0 0 0 0 1.0 grid_sphere.txt
23 18.0955736847 0.339411 0.339411 0.678823 0.10423050442 0.10423050442 0.10423050442 0.0 0.0 0.0 0.0 0.0 0.0 0.0 0.0 0.0 0 0 0 0 1.0 grid_sphere.txt
24 18.0955736847 0.339411 0.339411 1.018234 0.10423050442 0.10423050442 0.10423050442 0.0 0.0 0.0 0.0 0.0 0.0 0.0 0.0 0.0 0 0 0 0 1.0 grid_sphere.txt
25 18.0955736847 0.339411 0.678823 0.000000 0.10423050442 0.10423050442 0.10423050442 0.0 0.0 0.0 0.0 0.0 0.0 0.0 0.0 0.0 0 0 0 0 1.0 grid_sphere.txt
26 18.0955736847 0.339411 0.678823 0.339411 0.10423050442 0.10423050442 0.10423050442 0.0 0.0 0.0 0.0 0.0 0.0 0.0 0.0 0.0 0 0 0 0 1.0 grid_sphere.txt
27 18.0955736847 0.339411 0.678823 0.678823 0.10423050442 0.10423050442 0.10423050442 0.0 0.0 0.0 0.0 0.0 0.0 0.0 0.0 0.0 0 0 0 0 1.0 grid_sphere.txt
28 18.0955736847 0.339411 0.678823 1.018234 0.10423050442 0.10423050442 0.10423050442 0.0 0.0 0.0 0.0 0.0 0.0 0.0 0.0 0.0 0 0 0 0 1.0 grid_sphere.txt
29 18.0955736847 0.339411 1.018234 0.000000 0.10423050442 0.10423050442 0.10423050442 0.0 0.0 0.0 0.0 0.0 0.0 0.0 0.0 0.0 0 0 0 0 1.0 grid_sphere.txt
30 18.0955736847 0.339411 1.018234 0.339411 0.10423050442 0.10423050442 0.10423050442 0.0 0.0 0.0 0.0 0.0 0.0 0.0 0.0 0.0 0 0 0 0 1.0 grid_sphere.txt
31 18.0955736847 0.339411 1.018234 0.678823 0.10423050442 0.10423050442 0.10423050442 0.0 0.0 0.0 0.0 0.0 0.0 0.0 0.0 0.0 0 0 0 0 1.0 grid_sphere.txt
32 18.0955736847 0.339411 1.018234 1.018234 0.10423050442 0.10423050442 0.10423050442 0.0 0.0 0.0 0.0 0.0 0.0 0.0 0.0 0.0 0 0 0 0 1.0 grid_sphere.txt
33 18.0955736847 0.678823 0.000000 0.000000 0.10423050442 0.10423050442 0.10423050442 0.0 0.0 0.0 0.0 0.0 0.0 0.0 0.0 0.0 0 0 0 0 1.0 grid_sphere.txt
34 18.0955736847 0.678823 0.000000 0.339411 0.10423050442 0.10423050442 0.10423050442 0.0 0.0 0.0 0.0 0.0 0.0 0.0 0.0 0.0 0 0 0 0 1.0 grid_sphere.txt
35 18.0955736847 0.678823 0.000000 0.678823 0.10423050442 0.10423050442 0.10423050442 0.0 0.0 0.0 0.0 0.0 0.0 0.0 0.0 0.0 0 0 0 0 1.0 grid_sphere.txt
36 18.0955736847 0.678823 0.000000 1.018234 0.10423050442 0.10423050442 0.10423050442 0.0 0.0 0.0 0.0 0.0 0.0 0.0 0.0 0.0 0 0 0 0 1.0 grid_sphere.txt
37 18.0955736847 0.678823 0.339411 0.000000 0.10423050442 0.10423050442 0.10423050442 0.0 0.0 0.0 0.0 0.0 0.0 0.0 0.0 0.0 0 0 0 0 1.0 grid_sphere.txt
38 18.0955736847 0.678823 0.339411 0.339411 0.10423050442 0.10423050442 0.10423050442 0.0 0.0 0.0 0.0 0.0 0.0 0.0 0.0 0.0 0 0 0 0 1.0 grid_sphere.txt
39 18.0955736847 0.678823 0.339411 0.678823 0.10423050442 0.10423050442 0.10423050442 0.0 0.0 0.0 0.0 0.0 0.0 0.0 0.0 0.0 0 0 0 0 1.0 grid_sphere.txt
40 18.0955736847 0.678823 0.339411 1.018234 0.10423050442 0.10423050442 0.10423050442 0.0 0.0 0.0 0.0 0.0 0.0 0.0 0.0 0.0 0 0 0 0 1.0 grid_sphere.txt
41 18.0955736847 0.678823 0.678823 0.000000 0.10423050442 0.10423050442 0.10423050442 0.0 0.0 0.0 0.0 0.0 0.0 0.0 0.0 0.0 0 0 0 0 1.0 grid_sphere.txt
42 18.0955736847 0.678823 0.678823 0.339411 0.10423050442 0.10423050442 0.10423050442 0.0 0.0 0.0 0.0 0.0 0.0 0.0 0.0 0.0 0 0 0 0 1.0 grid_sphere.txt
43 18.0955736847 0.678823 0.678823 0.678823 0.10423050442 0.10423050442 0.10423050442 0.0 0.0 0.0 0.0 0.0 0.0 0.0 0.0 0.0 0 0 0 0 1.0 grid_sphere.txt
44 18.0955736847 0.678823 0.678823 1.018234 0.10423050442 0.10423050442 0.10423050442 0.0 0.0 0.0 0.0 0.0 0.0 0.0 0.0 0.0 0 0 0 0 1.0 grid_sphere.txt
45 18.0955736847 0.678823 1.018234 0.000000 0.10423050442 0.10423050442 0.10423050442 0.0 0.0 0.0 0.0 0.0 0.0 0.0 0.0 0.0 0 0 0 0 1.0 grid_sphere.txt
46 18.0955736847 0.678823 1.018234 0.339411 0.10423050442 0.10423050442 0.10423050442 0.0 0.0 0.0 0.0 0.0 0.0 0.0 0.0 0.0 0 0 0 0 1.0 grid_sphere.txt
47 18.0955736847 0.678823 1.018234 0.678823 0.10423050442 0.10423050442 0.10423050442 0.0 0.0 0.0 0.0 0.0 0.0 0.0 0.0 0.0 0 0 0 0 1.0 grid_sphere.txt
48 18.0955736847 0.678823 1.018234 1.018234 0.10423050442 0.10423050442 0.10423050442 0.0 0.0 0.0 0.0 0.0 0.0 0.0 0.0 0.0 0 0 0 0 1.0 grid_sphere.txt
49 18.0955736847 1.018234 0.000000 0.000000 0.10423050442 0.10423050442 0.10423050442 0.0 0.0 0.0 0.0 0.0 0.0 0.0 0.0 0.0 0 0 0 0 1.0 grid_sphere.txt
50 18.0955736847 1.018234 0.000000 0.339411 0.10423050442 0.10423050442 0.10423050442 0.0 0.0 0.0 0.0 0.0 0.0 0.0 0.0 0.0 0 0 0 0 1.0 grid_sphere.txt
51 18.0955736847 1.018234 0.000000 0.678823 0.10423050442 0.10423050442 0.10423050442 0.0 0.0 0.0 0.0 0.0 0.0 0.0 0.0 0.0 0 0 0 0 1.0 grid_sphere.txt
52 18.0955736847 1.018234 0.000000 1.018234 0.10423050442 0.10423050442 0.10423050442 0.0 0.0 0.0 0.0 0.0 0.0 0.0 0.0 0.0 0 0 0 0 1.0 grid_sphere.txt
53 18.0955736847 1.018234 0.339411 0.000000 0.10423050442 0.10423050442 0.10423050442 0.0 0.0 0.0 0.0 0.0 0.0 0.0 0.0 0.0 0 0 0 0 1.0 grid_sphere.txt
54 18.0955736847 1.018234 0.339411 0.339411 0.10423050442 0.10423050442 0.10423050442 0.0 0.0 0.0 0.0 0.0 0.0 0.0 0.0 0.0 0 0 0 0 1.0 grid_sphere.txt
55 18.0955736847 1.018234 0.339411 0.678823 0.10423050442 0.10423050442 0.10423050442 0.0 0.0 0.0 0.0 0.0 0.0 0.0 0.0 0.0 0 0 0 0 1.0 grid_sphere.txt
56 18.0955736847 1.018234 0.339411 1.018234 0.10423050442 0.10423050442 0.10423050442 0.0 0.0 0.0 0.0 0.0 0.0 0.0 0.0 0.0 0 0 0 0 1.0 grid_sphere.txt
57 18.0955736847 1.018234 0.678823 0.000000 0.10423050442 0.10423050442 0.10423050442 0.0 0.0 0.0 0.0 0.0 0.0 0.0 0.0 0.0 0 0 0 0 1.0 grid_sphere.txt
58 18.0955736847 1.018234 0.678823 0.339411 0.10423050442 0.10423050442 0.10423050442 0.0 0.0 0.0 0.0 0.0 0.0 0.0 0.0 0.0 0 0 0 0 1.0 grid_sphere.txt
59 18.0955736847 1.018234 0.678823 0.678823 0.10423050442 0.10423050442 0.10423050442 0.0 0.0 0.0 0.0 0.0 0.0 0.0 0.0 0.0 0 0 0 0 1.0 grid_sphere.txt
60 18.0955736847 1.018234 0.678823 1.018234 0.10423050442 0.10423050442 0.10423050442 0.0 0.0 0.0 0.0 0.0 0.0 0.0 0.0 0.0 0 0 0 0 1.0 grid_sphere.txt
61 18.0955736847 1.018234 1.018234 0.000000 0.10423050442 0.10423050442 0.10423050442 0.0 0.0 0.0 0.0 0.0 0.0 0.0 0.0 0.0 0 0 0 0 1.0 grid_sphere.txt
62 18.0955736847 1.018234 1.018234 0.339411 0.10423050442 0.10423050442 0.10423050442 0.0 0.0 0.0 0.0 0.0 0.0 0.0 0.0 0.0 0 0 0 0 1.0 grid_sphere.txt
63 18.0955736847 1.018234 1.018234 0.678823 0.10423050442 0.10423050442 0.10423050442 0.0 0.0 0.0 0.0 0.0 0.0 0.0 0.0 0.0 0 0 0 0 1.0 grid_sphere.txt
64 18.0955736847 1.018234 1.018234 1.018234 0.10423050442 0.10423050442 0.10423050442 0.0 0.0 0.0 0.0 0.0 0.0 0.0 0.0 0.0 0 0 0 0 1.0 grid_sphere.txt
65 18.0955736847 0.000000 0.169706 0.169706 0.10423050442 0.10423050442 0.10423050442 0.0 0.0 0.0 0.0 0.0 0.0 0.0 0.0 0.0 0 0 0 0 1.0 grid_sphere.txt
66 18.0955736847 0.000000 0.169706 0.509117 0.10423050442 0.10423050442 0.10423050442 0.0 0.0 0.0 0.0 0.0 0.0 0.0 0.0 0.0 0 0 0 0 1.0 grid_sphere.txt
67 18.0955736847 0.000000 0.169706 0.848528 0.10423050442 0.10423050442 0.10423050442 0.0 0.0 0.0 0.0 0.0 0.0 0.0 0.0 0.0 0 0 0 0 1.0 grid_sphere.txt
68 18.0955736847 0.000000 0.169706 1.187939 0.10423050442 0.10423050442 0.10423050442 0.0 0.0 0.0 0.0 0.0 0.0 0.0 0.0 0.0 0 0 0 0 1.0 grid_sphere.txt
69 18.0955736847 0.000000 0.509117 0.169706 0.10423050442 0.10423050442 0.10423050442 0.0 0.0 0.0 0.0 0.0 0.0 0.0 0.0 0.0 0 0 0 0 1.0 grid_sphere.txt
70 18.0955736847 0.000000 0.509117 0.509117 0.10423050442 0.10423050442 0.10423050442 0.0 0.0 0.0 0.0 0.0 0.0 0.0 0.0 0.0 0 0 0 0 1.0 grid_sphere.txt
71 18.0955736847 0.000000 0.509117 0.848528 0.10423050442 0.10423050442 0.10423050442 0.0 0.0 0.0 0.0 0.0 0.0 0.0 0.0 0.0 0 0 0 0 1.0 grid_sphere.txt
72 18.0955736847 0.000000 0.509117 1.187939 0.10423050442 0.10423050442 0.10423050442 0.0 0.0 0.0 0.0 0.0 0.0 0.0 0.0 0.0 0 0 0 0 1.0 grid_sphere.txt
73 18.0955736847 0.000000 0.848528 0.169706 0.10423050442 0.10423050442 0.10423050442 0.0 0.0 0.0 0.0 0.0 0.0 0.0 0.0 0.0 0 0 0 0 1.0 grid_sphere.txt
74 18.0955736847 0.000000 0.848528 0.509117 0.10423050442 0.10423050442 0.10423050442 0.0 0.0 0.0 0.0 0.0 0.0 0.0 0.0 0.0 0 0 0 0 1.0 grid_sphere.txt
75 18.0955736847 0.000000 0.848528 0.848528 0.10423050442 0.10423050442 0.10423050442 0.0 0.0 0.0 0.0 0.0 0.0 0.0 0.0 0.0 0 0 0 0 1.0 grid_sphere.txt
76 18.0955736847 0.000000 0.848528 1.187939 0.10423050442 0.10423050442 0.10423050442 0.0 0.0 0.0 0.0 0.0 0.0 0.0 0.0 0.0 0 0 0 0 1.0 grid_sphere.txt
77 18.0955736847 0.000000 1.187939 0.169706 0.10423050442 0.10423050442 0.10423050442 0.0 0.0 0.0 0.0 0.0 0.0 0.0 0.0 0.0 0 0 0 0 1.0 grid_sphere.txt
78 18.0955736847 0.000000 1.187939 0.509117 0.10423050442 0.10423050442 0.10423050442 0.0 0.0 0.0 0.0 0.0 0.0 0.0 0.0 0.0 0 0 0 0 1.0 grid_sphere.txt
79 18.0955736847 0.000000 1.187939 0.848528 0.10423050442 0.10423050442 0.10423050442 0.0 0.0 0.0 0.0 0.0 0.0 0.0 0.0 0.0 0 0 0 0 1.0 grid_sphere.txt
80 18.0955736847 0.000000 1.187939 1.187939 0.10423050442 0.10423050442 0.10423050442 0.0 0.0 0.0 0.0 0.0 0.0 0.0 0.0 0.0 0 0 0 0 1.0 grid_sphere.txt
81 18.0955736847 0.339411 0.169706 0.169706 0.10423050442 0.10423050442 0.10423050442 0.0 0.0 0.0 0.0 0.0 0.0 0.0 0.0 0.0 0 0 0 0 1.0 grid_sphere.txt
82 18.0955736847 0.339411 0.169706 0.509117 0.10423050442 0.10423050442 0.10423050442 0.0 0.0 0.0 0.0 0.0 0.0 0.0 0.0 0.0 0 0 0 0 1.0 grid_sphere.txt
83 18.0955736847 0.339411 0.169706 0.848528 0.10423050442 0.10423050442 0.10423050442 0.0 0.0 0.0 0.0 0.0 0.0 0.0 0.0 0.0 0 0 0 0 1.0 grid_sphere.txt
84 18.0955736847 0.339411 0.169706 1.187939 0.10423050442 0.10423050442 0.10423050442 0.0 0.0 0.0 0.0 0.0 0.0 0.0 0.0 0.0 0 0 0 0 1.0 grid_sphere.txt
85 18.0955736847 0.339411 0.509117 0.169706 0.10423050442 0.10423050442 0.10423050442 0.0 0.0 0.0 0.0 0.0 0.0 0.0 0.0 0.0 0 0 0 0 1.0 grid_sphere.txt
86 18.0955736847 0.339411 0.509117 0.509117 0.10423050442 0.10423050442 0.10423050442 0.0 0.0 0.0 0.0 0.0 0.0 0.0 0.0 0.0 0 0 0 0 1.0 grid_sphere.txt
87 18.0955736847 0.339411 0.509117 0.848528 0.10423050442 0.10423050442 0.10423050442 0.0 0.0 0.0 0.0 0.0 0.0 0.0 0.0 0.0 0 0 0 0 1.0 grid_sphere.txt
88 18.0955736847 0.339411 0.509117 1.187939 0.10423050442 0.10423050442 0.10423050442 0.0 0.0 0.0 0.0 0.0 0.0 0.0 0.0 0.0 0 0 0 0 1.0 grid_sphere.txt
89 18.0955736847 0.339411 0.848528 0.169706 0.10423050442 0.10423050442 0.10423050442 0.0 0.0 0.0 0.0 0.0 0.0 0.0 0.0 0.0 0 0 0 0 1.0 grid_sphere.txt
90 18.0955736847 0.339411 0.848528 0.509117 0.10423050442 0.10423050442 0.10423050442 0.0 0.0 0.0 0.0 0.0 0.0 0.0 0.0 0.0 0 0 0 0 1.0 grid_sphere.txt
91 18.0955736847 0.339411 0.848528 0.848528 0.10423050442 0.10423050442 0.10423050442 0.0 0.0 0.0 0.0 0.0 0.0 0.0 0.0 0.0 0 0 0 0 1.0 grid_sphere.txt
92 18.0955736847 0.339411 0.848528 1.187939 0.10423050442 0.10423050442 0.10423050442 0.0 0.0 0.0 0.0 0.0 0.0 0.0 0.0 0.0 0 0 0 0 1.0 grid_sphere.txt
93 18.0955736847 0.339411 1.187939 0.169706 0.10423050442 0.10423050442 0.10423050442 0.0 0.0 0.0 0.0 0.0 0.0 0.0 0.0 0.0 0 0 0 0 1.0 grid_sphere.txt
94 18.0955736847 0.339411 1.187939 0.509117 0.10423050442 0.10423050442 0.10423050442 0.0 0.0 0.0 0.0 0.0 0.0 0.0 0.0 0.0 0 0 0 0 1.0 grid_sphere.txt
95 18.0955736847 0.339411 1.187939 0.848528 0.10423050442 0.10423050442 0.10423050442 0.0 0.0 0.0 0.0 0.0 0.0 0.0 0.0 0.0 0 0 0 0 1.0 grid_sphere.txt
96 18.0955736847 0.339411 1.187939 1.187939 0.10423050442 0.10423050442 0.10423050442 0.0 0.0 0.0 0.0 0.0 0.0 0.0 0.0 0.0 0 0 0 0 1.0 grid_sphere.txt
97 18.0955736847 0.678823 0.169706 0.169706 0.10423050442 0.10423050442 0.10423050442 0.0 0.0 0.0 0.0 0.0 0.0 0.0 0.0 0.0 0 0 0 0 1.0 grid_sphere.txt
98 18.0955736847 0.678823 0.169706 0.509117 0.10423050442 0.10423050442 0.10423050442 0.0 0.0 0.0 0.0 0.0 0.0 0.0 0.0 0.0 0 0 0 0 1.0 grid_sphere.txt
99 18.0955736847 0.678823 0.169706 0.848528 0.10423050442 0.10423050442 0.10423050442 0.0 0.0 0.0 0.0 0.0 0.0 0.0 0.0 0.0 0 0 0 0 1.0 grid_sphere.txt
100 18.0955736847 0.678823 0.169706 1.187939 0.10423050442 0.10423050442 0.10423050442 0.0 0.0 0.0 0.0 0.0 0.0 0.0 0.0 0.0 0 0 0 0 1.0 grid_sphere.txt
101 18.0955736847 0.678823 0.509117 0.169706 0.10423050442 0.10423050442 0.10423050442 0.0 0.0 0.0 0.0 0.0 0.0 0.0 0.0 0.0 0 0 0 0 1.0 grid_sphere.txt
102 18.0955736847 0.678823 0.509117 0.509117 0.10423050442 0.10423050442 0.10423050442 0.0 0.0 0.0 0.0 0.0 0.0 0.0 0.0 0.0 0 0 0 0 1.0 grid_sphere.txt
103 18.0955736847 0.678823 0.509117 0.848528 0.10423050442 0.10423050442 0.10423050442 0.0 0.0 0.0 0.0 0.0 0.0 0.0 0.0 0.0 0 0 0 0 1.0 grid_sphere.txt
104 18.0955736847 0.678823 0.509117 1.187939 0.10423050442 0.10423050442 0.10423050442 0.0 0.0 0.0 0.0 0.0 0.0 0.0 0.0 0.0 0 0 0 0 1.0 grid_sphere.txt
105 18.0955736847 0.678823 0.848528 0.169706 0.10423050442 0.10423050442 0.10423050442 0.0 0.0 0.0 0.0 0.0 0.0 0.0 0.0 0.0 0 0 0 0 1.0 grid_sphere.txt
106 18.0955736847 0.678823 0.848528 0.509117 0.10423050442 0.10423050442 0.10423050442 0.0 0.0 0.0 0.0 0.0 0.0 0.0 0.0 0.0 0 0 0 0 1.0 grid_sphere.txt
107 18.0955736847 0.678823 0.848528 0.848528 0.10423050442 0.10423050442 0.10423050442 0.0 0.0 0.0 0.0 0.0 0.0 0.0 0.0 0.0 0 0 0 0 1.0 grid_sphere.txt
108 18.0955736847 0.678823 0.848528 1.187939 0.10423050442 0.10423050442 0.10423050442 0.0 0.0 0.0 0.0 0.0 0.0 0.0 0.0 0.0 0 0 0 0 1.0 grid_sphere.txt
109 18.0955736847 0.678823 1.187939 0.169706 0.10423050442 0.10423050442 0.10423050442 0.0 0.0 0.0 0.0 0.0 0.0 0.0 0.0 0.0 0 0 0 0 1.0 grid_sphere.txt
110 18.0955736847 0.678823 1.187939 0.509117 0.10423050442 0.10423050442 0.10423050442 0.0 0.0 0.0 0.0 0.0 0.0 0.0 0.0 0.0 0 0 0 0 1.0 grid_sphere.txt
111 18.0955736847 0.678823 1.187939 0.848528 0.10423050442 0.10423050442 0.10423050442 0.0 0.0 0.0 0.0 0.0 0.0 0.0 0.0 0.0 0 0 0 0 1.0 grid_sphere.txt
112 18.0955736847 0.678823 1.187939 1.187939 0.10423050442 0.10423050442 0.10423050442 0.0 0.0 0.0 0.0 0.0 0.0 0.0 0.0 0.0 0 0 0 0 1.0 grid_sphere.txt
113 18.0955736847 1.018234 0.169706 0.169706 0.10423050442 0.10423050442 0.10423050442 0.0 0.0 0.0 0.0 0.0 0.0 0.0 0.0 0.0 0 0 0 0 1.0 grid_sphere.txt
114 18.0955736847 1.018234 0.169706 0.509117 0.10423050442 0.10423050442 0.10423050442 0.0 0.0 0.0 0.0 0.0 0.0 0.0 0.0 0.0 0 0 0 0 1.0 grid_sphere.txt
115 18.0955736847 1.018234 0.169706 0.848528 0.10423050442 0.10423050442 0.10423050442 0.0 0.0 0.0 0.0 0.0 0.0 0.0 0.0 0.0 0 0 0 0 1.0 grid_sphere.txt
116 18.0955736847 1.018234 0.169706 1.187939 0.10423050442 0.10423050442 0.10423050442 0.0 0.0 0.0 0.0 0.0 0.0 0.0 0.0 0.0 0 0 0 0 1.0 grid_sphere.txt
117 18.0955736847 1.018234 0.509117 0.169706 0.10423050442 0.10423050442 0.10423050442 0.0 0.0 0.0 0.0 0.0 0.0 0.0 0.0 0.0 0 0 0 0 1.0 grid_sphere.txt
118 18.0955736847 1.018234 0.509117 0.509117 0.10423050442 0.10423050442 0.10423050442 0.0 0.0 0.0 0.0 0.0 0.0 0.0 0.0 0.0 0 0 0 0 1.0 grid_sphere.txt
119 18.0955736847 1.018234 0.509117 0.848528 0.10423050442 0.10423050442 0.10423050442 0.0 0.0 0.0 0.0 0.0 0.0 0.0 0.0 0.0 0 0 0 0 1.0 grid_sphere.txt
120 18.0955736847 1.018234 0.509117 1.187939 0.10423050442 0.10423050442 0.10423050442 0.0 0.0 0.0 0.0 0.0 0.0 0.0 0.0 0.0 0 0 0 0 1.0 grid_sphere.txt
121 18.0955736847 1.018234 0.848528 0.169706 0.10423050442 0.10423050442 0.10423050442 0.0 0.0 0.0 0.0 0.0 0.0 0.0 0.0 0.0 0 0 0 0 1.0 grid_sphere.txt
122 18.0955736847 1.018234 0.848528 0.509117 0.10423050442 0.10423050442 0.10423050442 0.0 0.0 0.0 0.0 0.0 0.0 0.0 0.0 0.0 0 0 0 0 1.0 grid_sphere.txt
123 18.0955736847 1.018234 0.848528 0.848528 0.10423050442 0.10423050442 0.10423050442 0.0 0.0 0.0 0.0 0.0 0.0 0.0 0.0 0.0 0 0 0 0 1.0 grid_sphere.txt
124 18.0955736847 1.018234 0.848528 1.187939 0.10423050442 0.10423050442 0.10423050442 0.0 0.0 0.0 0.0 0.0 0.0 0.0 0.0 0.0 0 0 0 0 1.0 grid_sphere.txt
125 18.0955736847 1.018234 1.187939 0.169706 0.10423050442 0.10423050442 0.10423050442 0.0 0.0 0.0 0.0 0.0 0.0 0.0 0.0 0.0 0 0 0 0 1.0 grid_sphere.txt
126 18.0955736847 1.018234 1.187939 0.509117 0.10423050442 0.10423050442 0.10423050442 0.0 0.0 0.0 0.0 0.0 0.0 0.0 0.0 0.0 0 0 0 0 1.0 grid_sphere.txt
127 18.0955736847 1.018234 1.187939 0.848528 0.10423050442 0.10423050442 0.10423050442 0.0 0.0 0.0 0.0 0.0 0.0 0.0 0.0 0.0 0 0 0 0 1.0 grid_sphere.txt
128 18.0955736847 1.018234 1.187939 1.187939 0.10423050442 0.10423050442 0.10423050442 0.0 0.0 0.0 0.0 0.0 0.0 0.0 0.0 0.0 0 0 0 0 1.0 grid_sphere.txt
129 18.0955736847 0.169706 0.000000 0.169706 0.10423050442 0.10423050442 0.10423050442 0.0 0.0 0.0 0.0 0.0 0.0 0.0 0.0 0.0 0 0 0 0 1.0 grid_sphere.txt
130 18.0955736847 0.169706 0.000000 0.509117 0.10423050442 0.10423050442 0.10423050442 0.0 0.0 0.0 0.0 0.0 0.0 0.0 0.0 0.0 0 0 0 0 1.0 grid_sphere.txt
131 18.0955736847 0.169706 0.000000 0.848528 0.10423050442 0.10423050442 0.10423050442 0.0 0.0 0.0 0.0 0.0 0.0 0.0 0.0 0.0 0 0 0 0 1.0 grid_sphere.txt
132 18.0955736847 0.169706 0.000000 1.187939 0.10423050442 0.10423050442 0.10423050442 0.0 0.0 0.0 0.0 0.0 0.0 0.0 0.0 0.0 0 0 0 0 1.0 grid_sphere.txt
133 18.0955736847 0.169706 0.339411 0.169706 0.10423050442 0.10423050442 0.10423050442 0.0 0.0 0.0 0.0 0.0 0.0 0.0 0.0 0.0 0 0 0 0 1.0 grid_sphere.txt
134 18.0955736847 0.169706 0.339411 0.509117 0.10423050442 0.10423050442 0.10423050442 0.0 0.0 0.0 0.0 0.0 0.0 0.0 0.0 0.0 0 0 0 0 1.0 grid_sphere.txt
135 18.0955736847 0.169706 0.339411 0.848528 0.10423050442 0.10423050442 0.10423050442 0.0 0.0 0.0 0.0 0.0 0.0 0.0 0.0 0.0 0 0 0 0 1.0 grid_sphere.txt
136 18.0955736847 0.169706 0.339411 1.187939 0.10423050442 0.10423050442 0.10423050442 0.0 0.0 0.0 0.0 0.0 0.0 0.0 0.0 0.0 0 0 0 0 1.0 grid_sphere.txt
137 18.0955736847 0.169706 0.678823 0.169706 0.10423050442 0.10423050442 0.10423050442 0.0 0.0 0.0 0.0 0.0 0.0 0.0 0.0 0.0 0 0 0 0 1.0 grid_sphere.txt
138 18.0955736847 0.169706 0.678823 0.509117 0.10423050442 0.10423050442 0.10423050442 0.0 0.0 0.0 0.0 0.0 0.0 0.0 0.0 0.0 0 0 0 0 1.0 grid_sphere.txt
139 18.0955736847 0.169706 0.678823 0.848528 0.10423050442 0.10423050442 0.10423050442 0.0 0.0 0.0 0.0 0.0 0.0 0.0 0.0 0.0 0 0 0 0 1.0 grid_sphere.txt
140 18.0955736847 0.169706 0.678823 1.187939 0.10423050442 0.10423050442 0.10423050442 0.0 0.0 0.0 0.0 0.0 0.0 0.0 0.0 0.0 0 0 0 0 1.0 grid_sphere.txt
141 18.0955736847 0.169706 1.018234 0.169706 0.10423050442 0.10423050442 0.10423050442 0.0 0.0 0.0 0.0 0.0 0.0 0.0 0.0 0.0 0 0 0 0 1.0 grid_sphere.txt
142 18.0955736847 0.169706 1.018234 0.509117 0.10423050442 0.10423050442 0.10423050442 0.0 0.0 0.0 0.0 0.0 0.0 0.0 0.0 0.0 0 0 0 0 1.0 grid_sphere.txt
143 18.0955736847 0.169706 1.018234 0.848528 0.10423050442 0.10423050442 0.10423050442 0.0 0.0 0.0 0.0 0.0 0.0 0.0 0.0 0.0 0 0 0 0 1.0 grid_sphere.txt
144 18.0955736847 0.169706 1.018234 1.187939 0.10423050442 0.10423050442 0.10423050442 0.0 0.0 0.0 0.0 0.0 0.0 0.0 0.0 0.0 0 0 0 0 1.0 grid_sphere.txt
145 18.0955736847 0.509117 0.000000 0.169706 0.10423050442 0.10423050442 0.10423050442 0.0 0.0 0.0 0.0 0.0 0.0 0.0 0.0 0.0 0 0 0 0 1.0 grid_sphere.txt
146 18.0955736847 0.509117 0.000000 0.509117 0.10423050442 0.10423050442 0.10423050442 0.0 0.0 0.0 0.0 0.0 0.0 0.0 0.0 0.0 0 0 0 0 1.0 grid_sphere.txt
147 18.0955736847 0.509117 0.000000 0.848528 0.10423050442 0.10423050442 0.10423050442 0.0 0.0 0.0 0.0 0.0 0.0 0.0 0.0 0.0 0 0 0 0 1.0 grid_sphere.txt
148 18.0955736847 0.509117 0.000000 1.187939 0.10423050442 0.10423050442 0.10423050442 0.0 0.0 0.0 0.0 0.0 0.0 0.0 0.0 0.0 0 0 0 0 1.0 grid_sphere.txt
149 18.0955736847 0.509117 0.339411 0.169706 0.10423050442 0.10423050442 0.10423050442 0.0 0.0 0.0 0.0 0.0 0.0 0.0 0.0 0.0 0 0 0 0 1.0 grid_sphere.txt
150 18.0955736847 0.509117 0.339411 0.509117 0.10423050442 0.10423050442 0.10423050442 0.0 0.0 0.0 0.0 0.0 0.0 0.0 0.0 0.0 0 0 0 0 1.0 grid_sphere.txt
151 18.0955736847 0.509117 0.339411 0.848528 0.10423050442 0.10423050442 0.10423050442 0.0 0.0 0.0 0.0 0.0 0.0 0.0 0.0 0.0 0 0 0 0 1.0 grid_sphere.txt
152 18.0955736847 0.509117 0.339411 1.187939 0.10423050442 0.10423050442 0.10423050442 0.0 0.0 0.0 0.0 0.0 0.0 0.0 0.0 0.0 0 0 0 0 1.0 grid_sphere.txt
153 18.0955736847 0.509117 0.678823 0.169706 0.10423050442 0.10423050442 0.10423050442 0.0 0.0 0.0 0.0 0.0 0.0 0.0 0.0 0.0 0 0 0 0 1.0 grid_sphere.txt
154 18.0955736847 0.509117 0.678823 0.509117 0.10423050442 0.10423050442 0.10423050442 0.0 0.0 0.0 0.0 0.0 0.0 0.0 0.0 0.0 0 0 0 0 1.0 grid_sphere.txt
155 18.0955736847 0.509117 0.678823 0.848528 0.10423050442 0.10423050442 0.10423050442 0.0 0.0 0.0 0.0 0.0 0.0 0.0 0.0 0.0 0 0 0 0 1.0 grid_sphere.txt
156 18.0955736847 0.509117 0.678823 1.187939 0.10423050442 0.10423050442 0.10423050442 0.0 0.0 0.0 0.0 0.0 0.0 0.0 0.0 0.0 0 0 0 0 1.0 grid_sphere.txt
157 18.0955736847 0.509117 1.018234 0.169706 0.10423050442 0.10423050442 0.10423050442 0.0 0.0 0.0 0.0 0.0 0.0 0.0 0.0 0.0 0 0 0 0 1.0 grid_sphere.txt
158 18.0955736847 0.509117 1.018234 0.509117 0.10423050442 0.10423050442 0.10423050442 0.0 0.0 0.0 0.0 0.0 0.0 0.0 0.0 0.0 0 0 0 0 1.0 grid_sphere.txt
159 18.0955736847 0.509117 1.018234 0.848528 0.10423050442 0.10423050442 0.10423050442 0.0 0.0 0.0 0.0 0.0 0.0 0.0 0.0 0.0 0 0 0 0 1.0 grid_sphere.txt
160 18.0955736847 0.509117 1.018234 1.187939 0.10423050442 0.10423050442 0.10423050442 0.0 0.0 0.0 0.0 0.0 0.0 0.0 0.0 0.0 0 0 0 0 1.0 grid_sphere.txt
161 18.0955736847 0.848528 0.000000 0.169706 0.10423050442 0.10423050442 0.10423050442 0.0 0.0 0.0 0.0 0.0 0.0 0.0 0.0 0.0 0 0 0 0 1.0 grid_sphere.txt
162 18.0955736847 0.848528 0.000000 0.509117 0.10423050442 0.10423050442 0.10423050442 0.0 0.0 0.0 0.0 0.0 0.0 0.0 0.0 0.0 0 0 0 0 1.0 grid_sphere.txt
163 18.0955736847 0.848528 0.000000 0.848528 0.10423050442 0.10423050442 0.10423050442 0.0 0.0 0.0 0.0 0.0 0.0 0.0 0.0 0.0 0 0 0 0 1.0 grid_sphere.txt
164 18.0955736847 0.848528 0.000000 1.187939 0.10423050442 0.10423050442 0.10423050442 0.0 0.0 0.0 0.0 0.0 0.0 0.0 0.0 0.0 0 0 0 0 1.0 grid_sphere.txt
165 18.0955736847 0.848528 0.339411 0.169706 0.10423050442 0.10423050442 0.10423050442 0.0 0.0 0.0 0.0 0.0 0.0 0.0 0.0 0.0 0 0 0 0 1.0 grid_sphere.txt
166 18.0955736847 0.848528 0.339411 0.509117 0.10423050442 0.10423050442 0.10423050442 0.0 0.0 0.0 0.0 0.0 0.0 0.0 0.0 0.0 0 0 0 0 1.0 grid_sphere.txt
167 18.0955736847 0.848528 0.339411 0.848528 0.10423050442 0.10423050442 0.10423050442 0.0 0.0 0.0 0.0 0.0 0.0 0.0 0.0 0.0 0 0 0 0 1.0 grid_sphere.txt
168 18.0955736847 0.848528 0.339411 1.187939 0.10423050442 0.10423050442 0.10423050442 0.0 0.0 0.0 0.0 0.0 0.0 0.0 0.0 0.0 0 0 0 0 1.0 grid_sphere.txt
169 18.0955736847 0.848528 0.678823 0.169706 0.10423050442 0.10423050442 0.10423050442 0.0 0.0 0.0 0.0 0.0 0.0 0.0 0.0 0.0 0 0 0 0 1.0 grid_sphere.txt
170 18.0955736847 0.848528 0.678823 0.509117 0.10423050442 0.10423050442 0.10423050442 0.0 0.0 0.0 0.0 0.0 0.0 0.0 0.0 0.0 0 0 0 0 1.0 grid_sphere.txt
171 18.0955736847 0.848528 0.678823 0.848528 0.10423050442 0.10423050442 0.10423050442 0.0 0.0 0.0 0.0 0.0 0.0 0.0 0.0 0.0 0 0 0 0 1.0 grid_sphere.txt
172 18.0955736847 0.848528 0.678823 1.187939 0.10423050442 0.10423050442 0.10423050442 0.0 0.0 0.0 0.0 0.0 0.0 0.0 0.0 0.0 0 0 0 0 1.0 grid_sphere.txt
173 18.0955736847 0.848528 1.018234 0.169706 0.10423050442 0.10423050442 0.10423050442 0.0 0.0 0.0 0.0 0.0 0.0 0.0 0.0 0.0 0 0 0 0 1.0 grid_sphere.txt
174 18.0955736847 0.848528 1.018234 0.509117 0.10423050442 0.10423050442 0.10423050442 0.0 0.0 0.0 0.0 0.0 0.0 0.0 0.0 0.0 0 0 0 0 1.0 grid_sphere.txt
175 18.0955736847 0.848528 1.018234 0.848528 0.10423050442 0.10423050442 0.10423050442 0.0 0.0 0.0 0.0 0.0 0.0 0.0 0.0 0.0 0 0 0 0 1.0 grid_sphere.txt
176 18.0955736847 0.848528 1.018234 1.187939 0.10423050442 0.10423050442 0.10423050442 0.0 0.0 0.0 0.0 0.0 0.0 0.0 0.0 0.0 0 0 0 0 1.0 grid_sphere.txt
177 18.0955736847 1.187939 0.000000 0.169706 0.10423050442 0.10423050442 0.10423050442 0.0 0.0 0.0 0.0 0.0 0.0 0.0 0.0 0.0 0 0 0 0 1.0 grid_sphere.txt
178 18.0955736847 1.187939 0.000000 0.509117 0.10423050442 0.10423050442 0.10423050442 0.0 0.0 0.0 0.0 0.0 0.0 0.0 0.0 0.0 0 0 0 0 1.0 grid_sphere.txt
179 18.0955736847 1.187939 0.000000 0.848528 0.10423050442 0.10423050442 0.10423050442 0.0 0.0 0.0 0.0 0.0 0.0 0.0 0.0 0.0 0 0 0 0 1.0 grid_sphere.txt
180 18.0955736847 1.187939 0.000000 1.187939 0.10423050442 0.10423050442 0.10423050442 0.0 0.0 0.0 0.0 0.0 0.0 0.0 0.0 0.0 0 0 0 0 1.0 grid_sphere.txt
181 18.0955736847 1.187939 0.339411 0.169706 0.10423050442 0.10423050442 0.10423050442 0.0 0.0 0.0 0.0 0.0 0.0 0.0 0.0 0.0 0 0 0 0 1.0 grid_sphere.txt
182 18.0955736847 1.187939 0.339411 0.509117 0.10423050442 0.10423050442 0.10423050442 0.0 0.0 0.0 0.0 0.0 0.0 0.0 0.0 0.0 0 0 0 0 1.0 grid_sphere.txt
183 18.0955736847 1.187939 0.339411 0.848528 0.10423050442 0.10423050442 0.10423050442 0.0 0.0 0.0 0.0 0.0 0.0 0.0 0.0 0.0 0 0 0 0 1.0 grid_sphere.txt
184 18.0955736847 1.187939 0.339411 1.187939 0.10423050442 0.10423050442 0.10423050442 0.0 0.0 0.0 0.0 0.0 0.0 0.0 0.0 0.0 0 0 0 0 1.0 grid_sphere.txt
185 18.0955736847 1.187939 0.678823 0.169706 0.10423050442 0.10423050442 0.10423050442 0.0 0.0 0.0 0.0 0.0 0.0 0.0 0.0 0.0 0 0 0 0 1.0 grid_sphere.txt
186 18.0955736847 1.187939 0.678823 0.509117 0.10423050442 0.10423050442 0.10423050442 0.0 0.0 0.0 0.0 0.0 0.0 0.0 0.0 0.0 0 0 0 0 1.0 grid_sphere.txt
187 18.0955736847 1.187939 0.678823 0.848528 0.10423050442 0.10423050442 0.10423050442 0.0 0.0 0.0 0.0 0.0 0.0 0.0 0.0 0.0 0 0 0 0 1.0 grid_sphere.txt
188 18.0955736847 1.187939 0.678823 1.187939 0.10423050442 0.10423050442 0.10423050442 0.0 0.0 0.0 0.0 0.0 0.0 0.0 0.0 0.0 0 0 0 0 1.0 grid_sphere.txt
189 18.0955736847 1.187939 1.018234 0.169706 0.10423050442 0.10423050442 0.10423050442 0.0 0.0 0.0 0.0 0.0 0.0 0.0 0.0 0.0 0 0 0 0 1.0 grid_sphere.txt
190 18.0955736847 1.187939 1.018234 0.509117 0.10423050442 0.10423050442 0.10423050442 0.0 0.0 0.0 0.0 0.0 0.0 0.0 0.0 0.0 0 0 0 0 1.0 grid_sphere.txt
191 18.0955736847 1.187939 1.018234 0.848528 0.10423050442 0.10423050442 0.10423050442 0.0 0.0 0.0 0.0 0.0 0.0 0.0 0.0 0.0 0 0 0 0 1.0 grid_sphere.txt
192 18.0955736847 1.187939 1.018234 1.187939 0.10423050442 0.10423050442 0.10423050442 0.0 0.0 0.0 0.0 0.0 0.0 0.0 0.0 0.0 0 0 0 0 1.0 grid_sphere.txt
193 18.0955736847 0.169706 0.169706 0.000000 0.10423050442 0.10423050442 0.10423050442 0.0 0.0 0.0 0.0 0.0 0.0 0.0 0.0 0.0 0 0 0 0 1.0 grid_sphere.txt
194 18.0955736847 0.169706 0.169706 0.339411 0.10423050442 0.10423050442 0.10423050442 0.0 0.0 0.0 0.0 0.0 0.0 0.0 0.0 0.0 0 0 0 0 1.0 grid_sphere.txt
195 18.0955736847 0.169706 0.169706 0.678823 0.10423050442 0.10423050442 0.10423050442 0.0 0.0 0.0 0.0 0.0 0.0 0.0 0.0 0.0 0 0 0 0 1.0 grid_sphere.txt
196 18.0955736847 0.169706 0.169706 1.018234 0.10423050442 0.10423050442 0.10423050442 0.0 0.0 0.0 0.0 0.0 0.0 0.0 0.0 0.0 0 0 0 0 1.0 grid_sphere.txt
197 18.0955736847 0.169706 0.509117 0.000000 0.10423050442 0.10423050442 0.10423050442 0.0 0.0 0.0 0.0 0.0 0.0 0.0 0.0 0.0 0 0 0 0 1.0 grid_sphere.txt
198 18.0955736847 0.169706 0.509117 0.339411 0.10423050442 0.10423050442 0.10423050442 0.0 0.0 0.0 0.0 0.0 0.0 0.0 0.0 0.0 0 0 0 0 1.0 grid_sphere.txt
199 18.0955736847 0.169706 0.509117 0.678823 0.10423050442 0.10423050442 0.10423050442 0.0 0.0 0.0 0.0 0.0 0.0 0.0 0.0 0.0 0 0 0 0 1.0 grid_sphere.txt
200 18.0955736847 0.169706 0.509117 1.018234 0.10423050442 0.10423050442 0.10423050442 0.0 0.0 0.0 0.0 0.0 0.0 0.0 0.0 0.0 0 0 0 0 1.0 grid_sphere.txt
201 18.0955736847 0.169706 0.848528 0.000000 0.10423050442 0.10423050442 0.10423050442 0.0 0.0 0.0 0.0 0.0 0.0 0.0 0.0 0.0 0 0 0 0 1.0 grid_sphere.txt
202 18.0955736847 0.169706 0.848528 0.339411 0.10423050442 0.10423050442 0.10423050442 0.0 0.0 0.0 0.0 0.0 0.0 0.0 0.0 0.0 0 0 0 0 1.0 grid_sphere.txt
203 18.0955736847 0.169706 0.848528 0.678823 0.10423050442 0.10423050442 0.10423050442 0.0 0.0 0.0 0.0 0.0 0.0 0.0 0.0 0.0 0 0 0 0 1.0 grid_sphere.txt
204 18.0955736847 0.169706 0.848528 1.018234 0.10423050442 0.10423050442 0.10423050442 0.0 0.0 0.0 0.0 0.0 0.0 0.0 0.0 0.0 0 0 0 0 1.0 grid_sphere.txt
205 18.0955736847 0.169706 1.187939 0.000000 0.10423050442 0.10423050442 0.10423050442 0.0 0.0 0.0 0.0 0.0 0.0 0.0 0.0 0.0 0 0 0 0 1.0 grid_sphere.txt
206 18.0955736847 0.169706 1.187939 0.339411 0.10423050442 0.10423050442 0.10423050442 0.0 0.0 0.0 0.0 0.0 0.0 0.0 0.0 0.0 0 0 0 0 1.0 grid_sphere.txt
207 18.0955736847 0.169706 1.187939 0.678823 0.10423050442 0.10423050442 0.10423050442 0.0 0.0 0.0 0.0 0.0 0.0 0.0 0.0 0.0 0 0 0 0 1.0 grid_sphere.txt
208 18.0955736847 0.169706 1.187939 1.018234 0.10423050442 0.10423050442 0.10423050442 0.0 0.0 0.0 0.0 0.0 0.0 0.0 0.0 0.0 0 0 0 0 1.0 grid_sphere.txt
209 18.0955736847 0.509117 0.169706 0.000000 0.10423050442 0.10423050442 0.10423050442 0.0 0.0 0.0 0.0 0.0 0.0 0.0 0.0 0.0 0 0 0 0 1.0 grid_sphere.txt
210 18.0955736847 0.509117 0.169706 0.339411 0.10423050442 0.10423050442 0.10423050442 0.0 0.0 0.0 0.0 0.0 0.0 0.0 0.0 0.0 0 0 0 0 1.0 grid_sphere.txt
211 18.0955736847 0.509117 0.169706 0.678823 0.10423050442 0.10423050442 0.10423050442 0.0 0.0 0.0 0.0 0.0 0.0 0.0 0.0 0.0 0 0 0 0 1.0 grid_sphere.txt
212 18.0955736847 0.509117 0.169706 1.018234 0.10423050442 0.10423050442 0.10423050442 0.0 0.0 0.0 0.0 0.0 0.0 0.0 0.0 0.0 0 0 0 0 1.0 grid_sphere.txt
213 18.0955736847 0.509117 0.509117 0.000000 0.10423050442 0.10423050442 0.10423050442 0.0 0.0 0.0 0.0 0.0 0.0 0.0 0.0 0.0 0 0 0 0 1.0 grid_sphere.txt
214 18.0955736847 0.509117 0.509117 0.339411 0.10423050442 0.10423050442 0.10423050442 0.0 0.0 0.0 0.0 0.0 0.0 0.0 0.0 0.0 0 0 0 0 1.0 grid_sphere.txt
215 18.0955736847 0.509117 0.509117 0.678823 0.10423050442 0.10423050442 0.10423050442 0.0 0.0 0.0 0.0 0.0 0.0 0.0 0.0 0.0 0 0 0 0 1.0 grid_sphere.txt
216 18.0955736847 0.509117 0.509117 1.018234 0.10423050442 0.10423050442 0.10423050442 0.0 0.0 0.0 0.0 0.0 0.0 0.0 0.0 0.0 0 0 0 0 1.0 grid_sphere.txt
217 18.0955736847 0.509117 0.848528 0.000000 0.10423050442 0.10423050442 0.10423050442 0.0 0.0 0.0 0.0 0.0 0.0 0.0 0.0 0.0 0 0 0 0 1.0 grid_sphere.txt
218 18.0955736847 0.509117 0.848528 0.339411 0.10423050442 0.10423050442 0.10423050442 0.0 0.0 0.0 0.0 0.0 0.0 0.0 0.0 0.0 0 0 0 0 1.0 grid_sphere.txt
219 18.0955736847 0.509117 0.848528 0.678823 0.10423050442 0.10423050442 0.10423050442 0.0 0.0 0.0 0.0 0.0 0.0 0.0 0.0 0.0 0 0 0 0 1.0 grid_sphere.txt
220 18.0955736847 0.509117 0.848528 1.018234 0.10423050442 0.10423050442 0.10423050442 0.0 0.0 0.0 0.0 0.0 0.0 0.0 0.0 0.0 0 0 0 0 1.0 grid_sphere.txt
221 18.0955736847 0.509117 1.187939 0.000000 0.10423050442 0.10423050442 0.10423050442 0.0 0.0 0.0 0.0 0.0 0.0 0.0 0.0 0.0 0 0 0 0 1.0 grid_sphere.txt
222 18.0955736847 0.509117 1.187939 0.339411 0.10423050442 0.10423050442 0.10423050442 0.0 0.0 0.0 0.0 0.0 0.0 0.0 0.0 0.0 0 0 0 0 1.0 grid_sphere.txt
223 18.0955736847 0.509117 1.187939 0.678823 0.10423050442 0.10423050442 0.10423050442 0.0 0.0 0.0 0.0 0.0 0.0 0.0 0.0 0.0 0 0 0 0 1.0 grid_sphere.txt
224 18.0955736847 0.509117 1.187939 1.018234 0.10423050442 0.10423050442 0.10423050442 0.0 0.0 0.0 0.0 0.0 0.0 0.0 0.0 0.0 0 0 0 0 1.0 grid_sphere.txt
225 18.0955736847 0.848528 0.169706 0.000000 0.10423050442 0.10423050442 0.10423050442 0.0 0.0 0.0 0.0 0.0 0.0 0.0 0.0 0.0 0 0 0 0 1.0 grid_sphere.txt
226 18.0955736847 0.848528 0.169706 0.339411 0.10423050442 0.10423050442 0.10423050442 0.0 0.0 0.0 0.0 0.0 0.0 0.0 0.0 0.0 0 0 0 0 1.0 grid_sphere.txt
227 18.0955736847 0.848528 0.169706 0.678823 0.10423050442 0.10423050442 0.10423050442 0.0 0.0 0.0 0.0 0.0 0.0 0.0 0.0 0.0 0 0 0 0 1.0 grid_sphere.txt
228 18.0955736847 0.848528 0.169706 1.018234 0.10423050442 0.10423050442 0.10423050442 0.0 0.0 0.0 0.0 0.0 0.0 0.0 0.0 0.0 0 0 0 0 1.0 grid_sphere.txt
229 18.0955736847 0.848528 0.509117 0.000000 0.10423050442 0.10423050442 0.10423050442 0.0 0.0 0.0 0.0 0.0 0.0 0.0 0.0 0.0 0 0 0 0 1.0 grid_sphere.txt
230 18.0955736847 0.848528 0.509117 0.339411 0.10423050442 0.10423050442 0.10423050442 0.0 0.0 0.0 0.0 0.0 0.0 0.0 0.0 0.0 0 0 0 0 1.0 grid_sphere.txt
231 18.0955736847 0.848528 0.509117 0.678823 0.10423050442 0.10423050442 0.10423050442 0.0 0.0 0.0 0.0 0.0 0.0 0.0 0.0 0.0 0 0 0 0 1.0 grid_sphere.txt
232 18.0955736847 0.848528 0.509117 1.018234 0.10423050442 0.10423050442 0.10423050442 0.0 0.0 0.0 0.0 0.0 0.0 0.0 0.0 0.0 0 0 0 0 1.0 grid_sphere.txt
233 18.0955736847 0.848528 0.848528 0.000000 0.10423050442 0.10423050442 0.10423050442 0.0 0.0 0.0 0.0 0.0 0.0 0.0 0.0 0.0 0 0 0 0 1.0 grid_sphere.txt
234 18.0955736847 0.848528 0.848528 0.339411 0.10423050442 0.10423050442 0.10423050442 0.0 0.0 0.0 0.0 0.0 0.0 0.0 0.0 0.0 0 0 0 0 1.0 grid_sphere.txt
235 18.0955736847 0.848528 0.848528 0.678823 0.10423050442 0.10423050442 0.10423050442 0.0 0.0 0.0 0.0 0.0 0.0 0.0 0.0 0.0 0 0 0 0 1.0 grid_sphere.txt
236 18.0955736847 0.848528 0.848528 1.018234 0.10423050442 0.10423050442 0.10423050442 0.0 0.0 0.0 0.0 0.0 0.0 0.0 0.0 0.0 0 0 0 0 1.0 grid_sphere.txt
237 18.0955736847 0.848528 1.187939 0.000000 0.10423050442 0.10423050442 0.10423050442 0.0 0.0 0.0 0.0 0.0 0.0 0.0 0.0 0.0 0 0 0 0 1.0 grid_sphere.txt
238 18.0955736847 0.848528 1.187939 0.339411 0.10423050442 0.10423050442 0.10423050442 0.0 0.0 0.0 0.0 0.0 0.0 0.0 0.0 0.0 0 0 0 0 1.0 grid_sphere.txt
239 18.0955736847 0.848528 1.187939 0.678823 0.10423050442 0.10423050442 0.10423050442 0.0 0.0 0.0 0.0 0.0 0.0 0.0 0.0 0.0 0 0 0 0 1.0 grid_sphere.txt
240 18.0955736847 0.848528 1.187939 1.018234 0.10423050442 0.10423050442 0.10423050442 0.0 0.0 0.0 0.0 0.0 0.0 0.0 0.0 0.0 0 0 0 0 1.0 grid_sphere.txt
241 18.0955736847 1.187939 0.169706 0.000000 0.10423050442 0.10423050442 0.10423050442 0.0 0.0 0.0 0.0 0.0 0.0 0.0 0.0 0.0 0 0 0 0 1.0 grid_sphere.txt
242 18.0955736847 1.187939 0.169706 0.339411 0.10423050442 0.10423050442 0.10423050442 0.0 0.0 0.0 0.0 0.0 0.0 0.0 0.0 0.0 0 0 0 0 1.0 grid_sphere.txt
243 18.0955736847 1.187939 0.169706 0.678823 0.10423050442 0.10423050442 0.10423050442 0.0 0.0 0.0 0.0 0.0 0.0 0.0 0.0 0.0 0 0 0 0 1.0 grid_sphere.txt
244 18.0955736847 1.187939 0.169706 1.018234 0.10423050442 0.10423050442 0.10423050442 0.0 0.0 0.0 0.0 0.0 0.0 0.0 0.0 0.0 0 0 0 0 1.0 grid_sphere.txt
245 18.0955736847 1.187939 0.509117 0.000000 0.10423050442 0.10423050442 0.10423050442 0.0 0.0 0.0 0.0 0.0 0.0 0.0 0.0 0.0 0 0 0 0 1.0 grid_sphere.txt
246 18.0955736847 1.187939 0.509117 0.339411 0.10423050442 0.10423050442 0.10423050442 0.0 0.0 0.0 0.0 0.0 0.0 0.0 0.0 0.0 0 0 0 0 1.0 grid_sphere.txt
247 18.0955736847 1.187939 0.509117 0.678823 0.10423050442 0.10423050442 0.10423050442 0.0 0.0 0.0 0.0 0.0 0.0 0.0 0.0 0.0 0 0 0 0 1.0 grid_sphere.txt
248 18.0955736847 1.187939 0.509117 1.018234 0.10423050442 0.10423050442 0.10423050442 0.0 0.0 0.0 0.0 0.0 0.0 0.0 0.0 0.0 0 0 0 0 1.0 grid_sphere.txt
249 18.0955736847 1.187939 0.848528 0.000000 0.10423050442 0.10423050442 0.10423050442 0.0 0.0 0.0 0.0 0.0 0.0 0.0 0.0 0.0 0 0 0 0 1.0 grid_sphere.txt
250 18.0955736847 1.187939 0.848528 0.339411 0.10423050442 0.10423050442 0.10423050442 0.0 0.0 0.0 0.0 0.0 0.0 0.0 0.0 0.0 0 0 0 0 1.0 grid_sphere.txt
251 18.0955736847 1.187939 0.848528 0.678823 0.10423050442 0.10423050442 0.10423050442 0.0 0.0 0.0 0.0 0.0 0.0 0.0 0.0 0.0 0 0 0 0 1.0 grid_sphere.txt
252 18.0955736847 1.187939 0.848528 1.018234 0.10423050442 0.10423050442 0.10423050442 0.0 0.0 0.0 0.0 0.0 0.0 0.0 0.0 0.0 0 0 0 0 1.0 grid_sphere.txt
253 18.0955736847 1.187939 1.187939 0.000000 0.10423050442 0.10423050442 0.10423050442 0.0 0.0 0.0 0.0 0.0 0.0 0.0 0.0 0.0 0 0 0 0 1.0 grid_sphere.txt
254 18.0955736847 1.187939 1.187939 0.339411 0.10423050442 0.10423050442 0.10423050442 0.0 0.0 0.0 0.0 0.0 0.0 0.0 0.0 0.0 0 0 0 0 1.0 grid_sphere.txt
255 18.0955736847 1.187939 1.187939 0.678823 0.10423050442 0.10423050442 0.10423050442 0.0 0.0 0.0 0.0 0.0 0.0 0.0 0.0 0.0 0 0 0 0 1.0 grid_sphere.txt
256 18.0955736847 1.187939 1.187939 1.018234 0.10423050442 0.10423050442 0.10423050442 0.0 0.0 0.0 0.0 0.0 0.0 0.0 0.0 0.0 0 0 0 0 1.0 grid_sphere.txt