# Grid file for a disk r=2.5 
21 21 1
0.5
-5.0 -5.0 -0.0
4.5710678118654755
4.226812023536855
3.9031242374328485
3.603277807866851
3.3309518948453007
3.0901699437494745
2.8851648071345037
2.7201532544552753
2.5990195135927845
2.524937810560445
2.5
2.524937810560445
2.5990195135927845
2.7201532544552753
2.8851648071345037
3.0901699437494745
3.3309518948453007
3.603277807866851
3.9031242374328485
4.226812023536855
4.5710678118654755
4.226812023536855
3.8639610306789276
3.520797289396148
3.2008771254956896
2.9083269131959844
2.6478150704935004
2.424428900898052
2.243416490252569
2.1097722286464435
2.0276925690687087
2.0
2.0276925690687087
2.1097722286464435
2.243416490252569
2.424428900898052
2.6478150704935004
2.9083269131959844
3.2008771254956896
3.520797289396148
3.8639610306789276
4.226812023536855
3.9031242374328485
3.520797289396148
3.1568542494923806
2.815072906367325
2.5
2.2169905660283016
1.9721359549995796
1.7720018726587652
1.6231056256176606
1.5311288741492746
1.5
1.5311288741492746
1.6231056256176606
1.7720018726587652
1.9721359549995796
2.2169905660283016
2.5
2.815072906367325
3.1568542494923806
3.520797289396148
3.9031242374328485
3.603277807866851
3.2008771254956896
2.815072906367325
2.4497474683058327
2.1097722286464435
1.8011626335213133
1.5311288741492746
1.3078865529319543
1.140054944640259
1.0355339059327378
1.0
1.0355339059327378
1.140054944640259
1.3078865529319543
1.5311288741492746
1.8011626335213133
2.1097722286464435
2.4497474683058327
2.815072906367325
3.2008771254956896
3.603277807866851
3.3309518948453007
2.9083269131959844
2.5
2.1097722286464435
1.7426406871192848
1.405124837953327
1.1055512754639891
0.8541019662496847
0.6622776601683795
0.5413812651491097
0.5
0.5413812651491097
0.6622776601683795
0.8541019662496847
1.1055512754639891
1.405124837953327
1.7426406871192848
2.1097722286464435
2.5
2.9083269131959844
3.3309518948453007
3.0901699437494745
2.6478150704935004
2.2169905660283016
1.8011626335213133
1.405124837953327
1.0355339059327378
0.7015621187164243
0.41547594742265037
0.19258240356725187
0.049509756796392246
0.0
0.049509756796392246
0.19258240356725187
0.41547594742265037
0.7015621187164243
1.0355339059327378
1.405124837953327
1.8011626335213133
2.2169905660283016
2.6478150704935004
3.0901699437494745
2.8851648071345037
2.424428900898052
1.9721359549995796
1.5311288741492746
1.1055512754639891
0.7015621187164243
0.3284271247461903
0.0
-0.2639320225002102
-0.4384471871911697
-0.5
-0.4384471871911697
-0.2639320225002102
0.0
0.3284271247461903
0.7015621187164243
1.1055512754639891
1.5311288741492746
1.9721359549995796
2.424428900898052
2.8851648071345037
2.7201532544552753
2.243416490252569
1.7720018726587652
1.3078865529319543
0.8541019662496847
0.41547594742265037
0.0
-0.3786796564403576
-0.6972243622680054
-0.9188611699158102
-1.0
-0.9188611699158102
-0.6972243622680054
-0.3786796564403576
0.0
0.41547594742265037
0.8541019662496847
1.3078865529319543
1.7720018726587652
2.243416490252569
2.7201532544552753
2.5990195135927845
2.1097722286464435
1.6231056256176606
1.140054944640259
0.6622776601683795
0.19258240356725187
-0.2639320225002102
-0.6972243622680054
-1.0857864376269049
-1.381966011250105
-1.5
-1.381966011250105
-1.0857864376269049
-0.6972243622680054
-0.2639320225002102
0.19258240356725187
0.6622776601683795
1.140054944640259
1.6231056256176606
2.1097722286464435
2.5990195135927845
2.524937810560445
2.0276925690687087
1.5311288741492746
1.0355339059327378
0.5413812651491097
0.049509756796392246
-0.4384471871911697
-0.9188611699158102
-1.381966011250105
-1.7928932188134525
-2.0
-1.7928932188134525
-1.381966011250105
-0.9188611699158102
-0.4384471871911697
0.049509756796392246
0.5413812651491097
1.0355339059327378
1.5311288741492746
2.0276925690687087
2.524937810560445
2.5
2.0
1.5
1.0
0.5
0.0
-0.5
-1.0
-1.5
-2.0
-2.5
-2.0
-1.5
-1.0
-0.5
0.0
0.5
1.0
1.5
2.0
2.5
2.524937810560445
2.0276925690687087
1.5311288741492746
1.0355339059327378
0.5413812651491097
0.049509756796392246
-0.4384471871911697
-0.9188611699158102
-1.381966011250105
-1.7928932188134525
-2.0
-1.7928932188134525
-1.381966011250105
-0.9188611699158102
-0.4384471871911697
0.049509756796392246
0.5413812651491097
1.0355339059327378
1.5311288741492746
2.0276925690687087
2.524937810560445
2.5990195135927845
2.1097722286464435
1.6231056256176606
1.140054944640259
0.6622776601683795
0.19258240356725187
-0.2639320225002102
-0.6972243622680054
-1.0857864376269049
-1.381966011250105
-1.5
-1.381966011250105
-1.0857864376269049
-0.6972243622680054
-0.2639320225002102
0.19258240356725187
0.6622776601683795
1.140054944640259
1.6231056256176606
2.1097722286464435
2.5990195135927845
2.7201532544552753
2.243416490252569
1.7720018726587652
1.3078865529319543
0.8541019662496847
0.41547594742265037
0.0
-0.3786796564403576
-0.6972243622680054
-0.9188611699158102
-1.0
-0.9188611699158102
-0.6972243622680054
-0.3786796564403576
0.0
0.41547594742265037
0.8541019662496847
1.3078865529319543
1.7720018726587652
2.243416490252569
2.7201532544552753
2.8851648071345037
2.424428900898052
1.9721359549995796
1.5311288741492746
1.1055512754639891
0.7015621187164243
0.3284271247461903
0.0
-0.2639320225002102
-0.4384471871911697
-0.5
-0.4384471871911697
-0.2639320225002102
0.0
0.3284271247461903
0.7015621187164243
1.1055512754639891
1.5311288741492746
1.9721359549995796
2.424428900898052
2.8851648071345037
3.0901699437494745
2.6478150704935004
2.2169905660283016
1.8011626335213133
1.405124837953327
1.0355339059327378
0.7015621187164243
0.41547594742265037
0.19258240356725187
0.049509756796392246
0.0
0.049509756796392246
0.19258240356725187
0.41547594742265037
0.7015621187164243
1.0355339059327378
1.405124837953327
1.8011626335213133
2.2169905660283016
2.6478150704935004
3.0901699437494745
3.3309518948453007
2.9083269131959844
2.5
2.1097722286464435
1.7426406871192848
1.405124837953327
1.1055512754639891
0.8541019662496847
0.6622776601683795
0.5413812651491097
0.5
0.5413812651491097
0.6622776601683795
0.8541019662496847
1.1055512754639891
1.405124837953327
1.7426406871192848
2.1097722286464435
2.5
2.9083269131959844
3.3309518948453007
3.603277807866851
3.2008771254956896
2.815072906367325
2.4497474683058327
2.1097722286464435
1.8011626335213133
1.5311288741492746
1.3078865529319543
1.140054944640259
1.0355339059327378
1.0
1.0355339059327378
1.140054944640259
1.3078865529319543
1.5311288741492746
1.8011626335213133
2.1097722286464435
2.4497474683058327
2.815072906367325
3.2008771254956896
3.603277807866851
3.9031242374328485
3.520797289396148
3.1568542494923806
2.815072906367325
2.5
2.2169905660283016
1.9721359549995796
1.7720018726587652
1.6231056256176606
1.5311288741492746
1.5
1.5311288741492746
1.6231056256176606
1.7720018726587652
1.9721359549995796
2.2169905660283016
2.5
2.815072906367325
3.1568542494923806
3.520797289396148
3.9031242374328485
4.226812023536855
3.8639610306789276
3.520797289396148
3.2008771254956896
2.9083269131959844
2.6478150704935004
2.424428900898052
2.243416490252569
2.1097722286464435
2.0276925690687087
2.0
2.0276925690687087
2.1097722286464435
2.243416490252569
2.424428900898052
2.6478150704935004
2.9083269131959844
3.2008771254956896
3.520797289396148
3.8639610306789276
4.226812023536855
4.5710678118654755
4.226812023536855
3.9031242374328485
3.603277807866851
3.3309518948453007
3.0901699437494745
2.8851648071345037
2.7201532544552753
2.5990195135927845
2.524937810560445
2.5
2.524937810560445
2.5990195135927845
2.7201532544552753
2.8851648071345037
3.0901699437494745
3.3309518948453007
3.603277807866851
3.9031242374328485
4.226812023536855
4.5710678118654755
